0 LCS 1
1 01361U 65034C   26103.24297628  .00000013  00000-0  64187-3 0  9994
2 01361  32.1461 331.2290 0013336 251.8237 108.0808  9.89310012203456
0 OSCAR 6
1 06236U 72082B   26103.01291162 -.00000029  00000-0  11000-3 0  9997
2 06236 101.9977 125.7471 0003931 274.1724 114.3613 12.53210204446804
0 OSCAR 10
1 14129U 83058B   26102.81319713 -.00000295  00000-0  00000-0 0  9992
2 14129  25.8997 230.4827 6034279  97.6141 330.5213  2.05874162294146
0 OSCAR 11 (UOSAT 2)
1 14781U 84021B   26103.17839903  .00001040  00000-0  11182-3 0  9999
2 14781  97.8005  69.5094 0008737  47.1763 313.0188 14.90627916247448
0 COSMOS 1861
1 18129U 87054A   26103.23583770  .00000046  00000-0  33029-4 0  9993
2 18129  82.9302  10.9237 0012594 129.7368 342.8955 13.73261484944626
0 OSCAR 16 (PACSAT)
1 20439U 90005D   26103.06404595  .00000085  00000-0  47067-4 0  9998
2 20439  98.8590 137.1963 0011586  65.7843 322.2285 14.33915876892609
0 OSCAR 17 (DOVE)
1 20440U 90005E   26103.32655884  .00000106  00000-0  54032-4 0  9992
2 20440  98.8675 132.0766 0011196  40.7870 340.6192 14.34467800893040
0 OSCAR 19 (LUSAT)
1 20442U 90005G   26103.29667844  .00000094  00000-0  50415-4 0  9996
2 20442  98.8902 123.3000 0012267  40.9813 319.2290 14.34102671893096
0 COSMOS 2123
1 21089U 91007A   26103.24737682  .00000045  00000-0  30839-4 0  9994
2 21089  82.9269  25.5205 0030145 126.0853  38.0070 13.74887594764994
0 ARASENE
1 22654U 93031B   26102.80653336 -.00000117  00000-0  00000-0 0  9990
2 22654   5.1782  48.9443 2853700 332.4870 220.8022  1.42203074166493
0 EYESAT A
1 22825U 93061C   26103.11009073  .00000052  00000-0  37014-4 0  9997
2 22825  98.6920 170.5347 0007290 294.3660  65.6762 14.30924681697697
0 ITAMSAT
1 22826U 93061D   26103.10885129  .00000063  00000-0  40623-4 0  9993
2 22826  98.6869 170.4443 0007735 275.2382  84.7918 14.31349903698009
0 RADIO ROSTO
1 23439U 94085A   26103.28426373 -.00000048  00000-0 -14935-3 0  9993
2 23439  64.8188  48.1795 0153996  15.6568 344.9043 11.27583845288588
0 JAS 2
1 24278U 96046B   26103.02547655 -.00000020  00000-0  18970-4 0  9996
2 24278  98.5323 320.7915 0348801 265.5285  90.5938 13.53271053464355
0 NOAA 15
1 25338U 98030A   26103.26354000  .00000110  00000-0  62638-4 0  9994
2 25338  98.5121 125.6362 0010428 171.2028 188.9337 14.27126552452038
0 TECHSAT 1B
1 25397U 98043D   26103.22981172  .00000045  00000-0  39494-4 0  9996
2 25397  99.0056  94.3573 0002172  64.3026 295.8376 14.24415530442088
0 ISS (ZARYA)
1 25544U 98067A   26103.16688155  .00004867  00000-0  96801-4 0  9995
2 25544  51.6321 261.8843 0006463 306.5385  53.5008 15.48891757561672
0 TERRA
1 25994U 99068A   26103.22802308  .00000263  00000-0  62512-4 0  9999
2 25994  97.9523 155.3307 0003615  81.7033 318.5443 14.61051928400129
0 AMSAT OSCAR 40
1 26609U 00072B   26100.87421484 -.00000246  00000-0  00000-0 0  9992
2 26609   9.5232   1.3795 7936643 157.3670 281.1020  1.25588546116666
0 PCSAT
1 26931U 01043C   26103.27235909  .00000095  00000-0  66340-4 0  9995
2 26931  67.0513  52.1669 0006698 264.3866  95.6472 14.31930561281151
0 AQUA
1 27424U 02022A   26103.25582291  .00000589  00000-0  12725-3 0  9993
2 27424  98.4228  71.2660 0001730 108.9713   2.3826 14.62056821273789
0 METEOSAT 8 (MSG 1)
1 27509U 02040B   26102.28794992 -.00000039  00000-0  00000-0 0  9993
2 27509  11.1274  41.7761 0013426  69.3163 106.9620  0.97903043 86295
0 SAUDISAT 1C
1 27607U 02058C   26103.01246672  .00000569  00000-0  85208-4 0  9994
2 27607  64.5530 330.6131 0075512 274.3272  84.9208 14.82905711254797
0 CUTE-1
1 27844U 03031E   26103.26762175  .00000227  00000-0  11722-3 0  9997
2 27844  98.6766 112.6384 0009920  21.3274 338.8316 14.24295149182434
0 CUBESAT XI 4
1 27848U 03031J   26102.59108353  .00000205  00000-0  10924-3 0  9997
2 27848  98.6797 111.7354 0010185  40.5121 319.6814 14.23585632182043
0 MOZHAYETS 4
1 27939U 03042A   26103.30168001  .00000923  00000-0  15067-3 0  9996
2 27939  98.3469 285.8323 0012435 112.1039  12.7152 14.73351732205993
0 AMSAT ECHO
1 28375U 04025K   26103.14135433  .00000181  00000-0  64970-4 0  9992
2 28375  98.6557  65.9708 0079280 313.7632  45.7015 14.43843639146191
0 INMARSAT 4-F1
1 28628U 05009A   26102.62547153  .00000039  00000-0  00000-0 0  9996
2 28628   5.0763  42.6672 0003983 359.8639 201.5709  1.00271285 77017
0 HAMSAT
1 28650U 05017B   26103.02434579  .00002310  00000-0  14940-3 0  9997
2 28650  97.9959 123.3462 0017943 256.1141 103.8090 15.09169747136938
0 NOAA 18
1 28654U 05018A   26103.29237017  .00000021  00000-0  34333-4 0  9995
2 28654  98.8118 183.9077 0013752 339.6530  20.4093 14.13717958 77147
0 CUBESAT XI 5
1 28895U 05043F   26103.17023905  .00001037  00000-0  17163-3 0  9995
2 28895  98.2901 257.4623 0015022  55.4829 304.7794 14.72461037 92184
0 MOZ.5/SAFIR/RUBIN 5/SL-8
1 28898U 05043G   26103.12762012  .00000441  00000-0  92815-4 0  9998
2 28898  98.3433 246.6526 0018473 180.3744 179.7447 14.64316576713731
0 METEOSAT 9 (MSG 2)
1 28912U 05049B   26102.52790782  .00000133  00000-0  00000-0 0  9998
2 28912   9.2137  54.7955 0001982  43.8877 337.7825  1.00269835  6340
0 GOES 13
1 29155U 06018A   26103.09489125  .00000001  00000-0  00000-0 0  9998
2 29155   4.3634  77.1930 0061686 275.3413 279.5718  0.98786509 42606
0 METOP-A
1 29499U 06044A   26103.23572756  .00000941  00000-0  11589-3 0  9997
2 29499  98.3264 207.9359 0173321 276.4930 112.9256 14.75694851 15877
0 CUTE-1.7+APD 2
1 32785U 08021C   26103.20380132  .00003107  00000-0  20150-3 0  9999
2 32785  97.8245  83.3182 0007193 244.7475 115.3007 15.08846783975390
0 AAUSAT CUBESAT 2
1 32788U 08021F   25139.97047148  .08158600  26426-5  14044-2 0  9997
2 32788  97.5714 139.5734 0010482 221.9933 138.0559 16.32875487930171
0 SEEDS
1 32791U 08021J   26103.26026417  .00011179  00000-0  38067-3 0  9999
2 32791  97.7527  98.1760 0003996 141.7490 218.4034 15.30577149977350
0 INMARSAT 4-F3
1 33278U 08039A   26103.21252769 -.00000134  00000-0  00000-0 0  9998
2 33278   4.2395  31.3793 0003055 358.0460 150.4963  1.00271715 45891
0 STARS (KUKAI)
1 33498U 09002G   26103.25173480  .00002937  00000-0  27213-3 0  9999
2 33498  98.1498  47.9536 0009284  34.5006 325.6815 14.95294007928777
0 KKS-1 (KISEKI)
1 33499U 09002H   26103.21535790  .00000938  00000-0  12237-3 0  9991
2 33499  98.1188  24.6390 0008816 133.5365 226.6582 14.82956758926562
0 NOAA 19
1 33591U 09005A   26103.20895359  .00000022  00000-0  35642-4 0  9996
2 33591  98.9550 174.0275 0013286 210.1927 149.8481 14.13463751885301
0 TATIANA 2
1 35868U 09049D   26102.81119077  .00000125  00000-0  73200-4 0  9991
2 35868  98.7126  65.5215 0005143  98.8747 261.3014 14.24203591860388
0 SWISSCUBE
1 35932U 09051B   26102.69028487  .00000731  00000-0  15441-3 0  9991
2 35932  98.4073   9.4330 0007997  61.2544 298.9460 14.62353942879582
0 ITUPSAT 1
1 35935U 09051E   26103.21647513  .00000543  00000-0  12241-3 0  9996
2 35935  98.4089   8.9982 0008788  81.2079 279.0115 14.60341642879256
0 AMAZONAS 2
1 35942U 09054A   26103.19211414 -.00000278  00000-0  00000-0 0  9994
2 35942   1.6449  83.8523 0003432 296.9785 188.9368  1.00273330 60532
0 XIWANG-1 (HOPE-1)
1 36122U 09072B   26103.26463453 -.00000256  00000-0 -55393-3 0  9990
2 36122 100.3967  58.1511 0007900  26.2482 333.9030 13.16436689784460
0 GOES 15
1 36411U 10008A   26103.17318086  .00000026  00000-0  00000-0 0  9998
2 36411   1.1047  84.0995 0003636  20.9355 221.9448  1.00271783 58986
0 ASTRA 3B
1 36581U 10021A   26103.16711179  .00000141  00000-0  00000-0 0  9998
2 36581   1.3020  84.3099 0003729 310.8042 249.9015  1.00270352 58219
0 JUGNU
1 37839U 11058B   26103.09993093  .00000416  00000-0  77973-4 0  9997
2 37839  19.9624 343.8498 0018598  77.9279  82.2734 14.13756645749800
0 SRMSAT
1 37841U 11058D   26103.26999819  .00000371  00000-0  57343-4 0  9990
2 37841  19.9714  92.3945 0011685 208.7613 282.1490 14.11560002748630
0 METEOSAT 10 (MSG 3)
1 38552U 12035B   26103.08937383  .00000001  00000-0  00000-0 0  9998
2 38552   4.5173  61.2829 0002221 296.5244 235.7836  1.00274486 50205
0 YUBELEINY 2
1 38735U 12041C   26103.30150985  .00000057  00000-0  34136-3 0  9999
2 38735  82.4714 115.1602 0016892 205.3082 154.7172 12.42646514621782
0 METOP-B
1 38771U 12049A   26103.21825139  .00000068  00000-0  50894-4 0  9999
2 38771  98.6570 155.9941 0002886 151.5787 208.5549 14.21430005704032
0 STRAND 1
1 39090U 13009E   26103.23729333  .00000226  00000-0  90283-4 0  9994
2 39090  98.3911 285.0738 0009758  68.7477 291.4752 14.37124662687732
0 CUBEBUG 1
1 39153U 13018D   26102.66760827  .00001953  00000-0  17553-3 0  9999
2 39153  98.1597 259.7384 0011875  11.8574 348.2924 14.96904712701269
0 ESTCUBE 1
1 39161U 13021C   26103.07674724  .00001056  00000-0  14213-3 0  9992
2 39161  97.7354 159.5387 0007305 219.2636 140.8048 14.81206818695384
0 ZACUBE
1 39417U 13066B   26103.14037820  .00002615  00000-0  20727-3 0  9992
2 39417  97.8125  65.1326 0045009 108.7172 251.8944 15.00659625670976
0 TRITON 1
1 39427U 13066M   26103.25690128  .00002583  00000-0  31359-3 0  9998
2 39427  97.8275  14.5489 0092119  85.9342 275.2394 14.81395875664479
0 GOMX 1
1 39430U 13066Q   26103.28663591  .00001227  00000-0  19194-3 0  9996
2 39430  97.6542 307.8321 0127677 286.2295  72.4896 14.69230447660381
0 HUMSAT D
1 39433U 13066T   26068.77891092  .07089284  25853-5  14695-2 0  9996
2 39433  97.4699  82.1645 0007750 211.8767 148.2059 16.31051261671486
0 FIRST-MOVE
1 39439U 13066Z   26056.58007542  .07260214  27113-5  21832-2 0  9993
2 39439  97.7294  54.1216 0008783 172.3292 187.8135 16.26924483665262
0 CUBEBUG 2
1 39440U 13066AA  26103.27656187  .00002611  00000-0  24734-3 0  9993
2 39440  97.8857  52.0251 0056466 241.8900 117.6606 14.93329152667300
0 FUNCUBE 1
1 39444U 13066AE  26102.67584861  .00005899  00000-0  37539-3 0  9997
2 39444  97.8222  72.8193 0038673  67.9052 292.6275 15.08561186669782
0 UWE-3
1 39446U 13066AG  26102.83363276  .00002830  00000-0  24829-3 0  9992
2 39446  97.8653  58.5188 0049454 175.2806 184.8891 14.96524939667804
0 MCUBED-2
1 39469U 13072H   26103.24139686  .00007762  00000-0  32289-3 0  9994
2 39469 120.4899 101.6020 0136503 307.4650  51.4075 15.16940076107974
0 UNISAT 6
1 40012U 14033C   26103.24319024  .00001956  00000-0  21623-3 0  9993
2 40012  97.7790 257.1455 0043947 282.7702  76.8605 14.87872844636507
0 BUGSAT 1
1 40014U 14033E   26103.25365391  .00004678  00000-0  25228-3 0  9993
2 40014  98.0405 192.0485 0029110  44.7601 315.5971 15.14958304646008
0 DUCHIFAT 1
1 40021U 14033M   26103.12681076  .00044899  00000-0  67946-3 0  9990
2 40021  98.0566 153.7299 0002936 294.1485  65.9460 15.54552788645614
0 NANOSAT C BR1
1 40024U 14033Q   26103.01779261  .00010857  00000-0  38281-3 0  9992
2 40024  98.0799 129.7213 0004902  69.4222 290.7542 15.29463032644018
0 DTUSAT 2
1 40030U 14033W   26103.22861890  .00004408  00000-0  24550-3 0  9991
2 40030  98.0868  96.8812 0009913  96.3466 263.8893 15.14162491642856
0 QB50P2
1 40032U 14033Y   26103.29533698  .00004270  00000-0  23700-3 0  9995
2 40032  98.0752  96.1852 0008774  47.4247 312.7722 15.14319775642848
0 POLYITAN 1
1 40042U 14033AJ  26103.00249658  .00012237  00000-0  40986-3 0  9992
2 40042  98.1012 123.2005 0007730  31.0313 329.1381 15.31084857643613
0 TIGRISAT
1 40043U 14033AK  26102.89128094  .00001346  00000-0  16153-3 0  9997
2 40043  97.7741 254.4423 0048143 289.3095  70.2917 14.84892963635934
0 METEOR M2
1 40069U 14037A   26103.24551249  .00000203  00000-0  11213-3 0  9994
2 40069  98.5073  81.3014 0004805 217.2391 142.8454 14.21443513610094
0 DX 1
1 40071U 14037C   26103.28321072  .00001380  00000-0  15034-3 0  9992
2 40071  98.3805  61.0808 0008239 118.1951 242.0098 14.89781339636449
0 UKUBE 1
1 40074U 14037F   26102.96011669  .00005053  00000-0  29435-3 0  9998
2 40074  98.4246  99.4374 0002700  64.0526 296.0980 15.12540078638697
0 ARSAT 1
1 40272U 14062B   26103.27832711 -.00000257  00000-0  00000-0 0  9996
2 40272   0.0181 292.9317 0001684  86.5895 210.3436  1.00272338 41976
0 METEOSAT 11 (MSG 4)
1 40732U 15034A   26103.17961551  .00000070  00000-0  00000-0 0  9993
2 40732   3.0393  71.4479 0001740 290.5703 273.4840  1.00278677  6569
0 XW-2C
1 40906U 15049H   25047.62605869  .06460715  25777-5  82494-3 0  9990
2 40906  97.4284  83.7622 0006300 238.5188 121.5494 16.35922890522636
0 XW-2D
1 40907U 15049J   24320.92351917  .16701952  27880-5  21132-3 0  9990
2 40907  97.4221 349.6759 0008313 198.6926 161.4075 16.49393757508467
0 LILACSAT 2
1 40908U 15049K   26103.27668726  .00010734  00000-0  19740-3 0  9995
2 40908  97.4750 137.7239 0008796 122.3909 237.8194 15.49354745585697
0 LAPAN A2
1 40931U 15052B   25151.18580175  .00001241  00000-0  78118-4 0  9996
2 40931   6.0006  24.0987 0012733 338.8432  21.1169 14.78805930523159
0 ARSAT 2
1 40941U 15054B   26103.21590770 -.00000222  00000-0  00000-0 0  9993
2 40941   0.0154 284.1017 0002029  92.6824 181.3527  1.00272233 38656
0 HORYU 4
1 41340U 16012D   26102.93655032  .00086235  00000-0  66664-3 0  9991
2 41340  30.9893 187.2038 0006122 114.9671 245.1620 15.70473170560483
0 LAPAN A3
1 41603U 16040E   26103.23883500  .00002666  00000-0  86770-4 0  9998
2 41603  97.1491 101.5428 0008558 243.6699 116.3666 15.32686073544860
0 ALSAT 1N
1 41789U 16059G   26103.28157878  .00000876  00000-0  15586-3 0  9997
2 41789  97.8033 109.5257 0027019  38.1217 322.1894 14.69200970510475
0 CZ-11 R/B
1 41847U 16066G   26103.20125754  .00000423  00000-0  69398-4 0  9999
2 41847  98.3841 179.6681 0341572 326.9125  31.1102 14.44553007495411
0 GOES 16
1 41866U 16071A   26103.21122767 -.00000088  00000-0  00000-0 0  9997
2 41866   0.1790  85.0159 0001638 248.0123 199.7283  1.00271607 34459
0 ZHUHAI-1 02
1 42759U 17034B   25286.97241530  .03437790  89859-5  10544-2 0  9999
2 42759  42.9888 273.3261 0008257 129.3938 230.7682 16.25684504462550
0 DSAT
1 42794U 17036AF  26102.64878519  .00006208  00000-0  29712-3 0  9992
2 42794  97.5521  81.7973 0084049  30.1477 330.4554 15.16199848480928
0 NOAA 20
1 43013U 17073A   26103.22505233  .00000043  00000-0  41175-4 0  9992
2 43013  98.7731  43.2777 0002143  90.6057 269.5365 14.19545165435251
0 AO-91
1 43017U 17073E   26103.09233008  .00005112  00000-0  22991-3 0  9995
2 43017  97.4811 331.6682 0153278 192.5824 167.1564 15.11579058455559
0 GOES 17
1 43226U 18022A   26103.21417435 -.00000179  00000-0  00000-0 0  9997
2 43226   0.7698  86.6406 0000881 270.0967 192.2876  1.00272291 29771
0 DIWATA 2B
1 43678U 18084H   26103.27568031  .00001543  00000-0  12863-3 0  9999
2 43678  98.1052 296.7358 0013919  26.0882 334.1039 15.00142063406481
0 METOP-C
1 43689U 18087A   26103.24100183  .00000066  00000-0  49881-4 0  9991
2 43689  98.6698 164.0154 0001450  53.4260 306.7051 14.21508647385601
0 ES'HAIL 2
1 43700U 18090A   26103.09440052  .00000147  00000-0  00000-0 0  9990
2 43700   0.0236 108.6629 0001205 292.3879 220.0063  1.00271310 27026
0 MINXSS-2
1 43758U 18099A   26103.18426758  .00019621  00000-0  44846-3 0  9995
2 43758  97.4571 177.7699 0009204 139.2716 220.9221 15.42836139404099
0 STPSAT-5
1 43762U 18099E   26103.10255417  .00002949  00000-0  16998-3 0  9996
2 43762  97.4157 154.6651 0003246 171.7365 188.3920 15.13140466403021
0 AISTECHSAT-2
1 43768U 18099L   26103.10167451  .00003337  00000-0  18322-3 0  9997
2 43768  97.4369 152.5703 0005626 149.6309 210.5250 15.14797041402428
0 AO-95
1 43770U 18099N   26103.09428152  .00007126  00000-0  28531-3 0  9999
2 43770  97.4447 163.6337 0008461 207.3458 152.7336 15.25338196403293
0 RANGE A
1 43773U 18099R   26103.10448011  .00002425  00000-0  14146-3 0  9994
2 43773  97.4044 147.5924 0009784 203.4747 156.6039 15.12838715402659
0 OBJECT T
1 43775U 18099T   26103.07435646  .00002719  00000-0  17245-3 0  9991
2 43775  97.4278 149.3477 0005788 174.7625 185.3666 15.09722474402495
0 MOVE-II
1 43780U 18099Y   25194.80194206  .15913345  26116-5  37118-3 0  9995
2 43780  97.4526 273.8800 0018736 270.1080  89.8075 16.44566529363241
0 KAZSCISAT-1
1 43787U 18099AF  25199.14834682  .10732310  25516-5  11762-2 0  9998
2 43787  97.4305 273.6940 0017686 269.2905  90.6366 16.36790089363855
0 JY1SAT
1 43803U 18099AX  26103.13113742  .00010787  00000-0  35520-3 0  9990
2 43803  97.4189 165.8258 0007219 135.6506 224.5315 15.31643271403662
0 SUOMI100
1 43804U 18099AY  26103.16282425  .00006964  00000-0  26524-3 0  9995
2 43804  97.4251 163.8532 0011407 144.9243 215.2749 15.26984235403492
0 OBJECT BA
1 43806U 18099BA  26102.86979690  .00003662  00000-0  19847-3 0  9992
2 43806  97.4065 151.9449 0007323 182.4351 177.6847 15.15186395402545
0 UWE-4
1 43880U 18111E   26103.21647385  .00017269  00000-0  40157-3 0  9998
2 43880  97.5851  28.8202 0008154 179.2687 180.8573 15.42359672400752
0 D-STAR ONE SPARROW
1 43881U 18111F   26102.78763923  .00063461  00000-0  75980-3 0  9994
2 43881  97.6112  38.2346 0004660 149.6071 210.5456 15.60754415401132
0 METEOR M2-2
1 44387U 19038A   26103.26653957  .00000195  00000-0  10431-3 0  9999
2 44387  98.9125  89.6054 0001118 149.6212 210.5031 14.24348332352051
0 TAURUS-1
1 44530U 19059C   26103.31467812  .00003991  00000-0  65325-3 0  9990
2 44530  98.6355 264.1745 0009651 151.7133 208.4598 14.71379450349109
0 OBJECT C
1 44854U 19089C   25342.89580904  .10801921  36355-5  10723-2 0  9995
2 44854  36.9163 249.0625 0006835 253.5286 106.4749 16.36980482331539
0 OBJECT C
1 44881U 19093C   26103.28756358  .00000769  00000-0  93043-4 0  9998
2 44881  97.7558 177.0976 0012353 304.4392  55.5655 14.86416518341771
0 OBJECT G
1 44885U 19093G   26103.27042238  .00004362  00000-0  32673-3 0  9990
2 44885  97.7890 197.0722 0011033 288.7949  71.2079 15.03197727342898
0 BREEZE-KM R/B
1 44909U 19096E   26103.19313432 -.00000002  00000-0 -44985-4 0  9997
2 44909  82.5262  22.8909 0216496 296.5275  61.3775 12.79747954294039
0 ONEWEB-0028
1 45140U 20008K   26103.26308224  .00000537  00000-0  14789-2 0  9999
2 45140  87.8912  33.9768 0001891  96.0377 264.0966 13.11414853300117
0 UPMSAT-2
1 46276U 20061E   25284.11510829  .12115553  24945-5  13983-3 0  9991
2 46276  97.2106   5.1352 0012001 257.8540 102.1421 16.49625583285008
0 DIDO 3
1 46284U 20061N   25081.48766028  .07487664  24492-5  76787-3 0  9996
2 46284  97.2679 159.5651 0011148 273.5907  86.4116 16.37766130252652
0 AMICALSAT
1 46287U 20061R   25010.85863821  .11283921  24654-5  56408-3 0  9994
2 46287  97.2840  89.8720 0009935 281.1985  78.8199 16.41970930241877
0 NORBI
1 46494U 20068J   26103.28184731  .00013165  00000-0  27360-3 0  9996
2 46494  97.8676 113.6607 0008888 125.4231 234.7848 15.45766861306178
0 UVSQ-SAT
1 47438U 21006AB  24298.11681880  .03670113  23594-5  18855-2 0  9991
2 47438  97.2775   3.3666 0006581 273.2868  86.7668 16.20433421208899
0 IDEASSAT
1 47458U 21006AX  24344.77491743  .11308816  24541-5  59030-3 0  9995
2 47458  97.2702  49.5935 0010118 282.6552  77.3617 16.41754873215974
0 UNISAT 7
1 47945U 21022P   26103.22957020  .00008476  00000-0  22300-3 0  9990
2 47945  97.3941   7.5461 0007715 317.4698  42.5949 15.38790115279860
0 OBJECT Y
1 47954U 21022Y   25080.91203790  .15245865  27065-5  42405-3 0  9991
2 47954  97.3968 355.6048 0009090 202.7483 157.3418 16.44870059221398
0 OBJECT AD
1 47959U 21022AD  25160.45426279  .07940347  25506-5  90589-3 0  9995
2 47959  97.3899  75.6235 0011032 227.2558 132.7812 16.36806138232695
0 OBJECT AE
1 47960U 21022AE  25102.18991407  .08920267  26050-5  10403-2 0  9994
2 47960  97.4008  17.2508 0008002 203.8387 156.2541 16.36719701224430
0 CSS (TIANHE-1)
1 48274U 21035A   26103.18800187  .00017774  00000-0  19849-3 0  9991
2 48274  41.4686 357.9812 0005208 197.9259 162.1398 15.62338137283000
0 TUBIN
1 48900U 21059X   25349.78845228  .07315651  27141-5  56139-3 0  9990
2 48900  97.6553 178.8839 0007270 265.1302  94.9166 16.40417761249824
0 LEDSAT
1 49069U 21073D   25287.95720868  .11134366  25314-5  40586-3 0  9991
2 49069  97.3489  17.4861 0013151 272.2565  87.7231 16.42992651231488
0 CUTE-LASP
1 49263U 21088D   26103.23675216  .00052843  00000-0  39304-3 0  9991
2 49263  97.4206 197.5071 0003453 199.2582 160.8551 15.72666712252294
0 TEIKYOSAT-4 (OORURI)
1 49396U 21102B   26103.01995608  .00001451  00000-0  94788-4 0  9998
2 49396  97.3739 135.0266 0012913 150.8909 209.3043 15.09279094242894
0 Z-SAT
1 49399U 21102E   26103.26894698  .00002420  00000-0  12258-3 0  9993
2 49399  97.3405 140.5645 0018500 111.8764 248.4440 15.17772522243599
0 KOSEN-1
1 49402U 21102H   26103.04351970  .00004969  00000-0  19570-3 0  9999
2 49402  97.3266 146.4864 0015592  80.5434 279.7566 15.25949886244080
0 XW-3 (CAS 9)
1 50466U 21131B   26103.28504058  .00000355  00000-0  12333-3 0  9991
2 50466  98.4943 196.0389 0002961 302.1699  57.9203 14.41295256225761
0 IRIS-A
1 51044U 22002BN  25156.23223756  .06819668  24683-5  74732-3 0  9997
2 51044  97.2958 237.7951 0014427 259.4872 100.4801 16.37001057189221
0 VZLUSAT-2
1 51085U 22002DF  25333.89742664  .08514901  24879-5  47783-3 0  9992
2 51085  97.2881  55.3308 0009599 266.9747  93.0455 16.41514709216501
0 ORESAT0
1 52017U 22026K   24273.45232859  .15962284  26361-5  29990-3 0  9995
2 52017  97.4545 295.1270 0013084 250.0501 109.9393 16.46521474142074
0 PLANETUM1
1 52738U 22057G   24334.51223436  .16479580  26697-5  24945-3 0  9995
2 52738  97.5508 111.5244 0009582 276.9617  83.0596 16.48177112140342
0 RANDEV
1 52898U 22065E   26103.32813714  .00000759  00000-0  15540-3 0  9997
2 52898  98.2110 247.7897 0006993 221.8568 138.2100 14.63581075201769
0 SNUGLITE-II
1 52899U 22065F   26103.31923245  .00000717  00000-0  14528-3 0  9997
2 52899  98.2102 248.3030 0006715 219.5846 140.4867 14.64223913201504
0 AVUM R/B
1 53109U 22080E   26102.66137228 -.00000003  00000-0  00000-0 0  9990
2 53109  70.1495 321.0449 0008941 304.4164  55.5650  6.42583304 87852
0 NOAA 21
1 54234U 22150A   26103.18888564  .00000024  00000-0  32234-4 0  9992
2 54234  98.7593  43.0682 0002393  46.2142 313.9232 14.19561352177320
0 OBJECT C
1 54684U 22167C   25064.68183564  .08547514  26414-5  93170-3 0  9992
2 54684  97.5856 230.7463 0011725 277.2083  82.7881 16.37185507124845
0 BRO-8
1 55011U 23001C   26103.23922170  .00017015  00000-0  35720-3 0  9990
2 55011  97.3278 167.6586 0005294  11.5269 348.6100 15.45419038182163
0 BDSAT-2
1 55098U 23001CT  25043.17195676  .04841583  24403-5  13946-2 0  9995
2 55098  97.3601 120.6613 0008975 287.7661  72.2652 16.27416800118122
0 SHARJAHSAT-1
1 55104U 23001CZ  26103.27114368  .00011671  00000-0  23441-3 0  9998
2 55104  97.3225 171.2395 0005076 353.0114   7.1064 15.46804769182456
0 EOS-7
1 55562U 23019A   24363.45300977  .04873498  38898-5  83598-3 0  9991
2 55562  37.1672  46.7039 0002842 101.5126 258.5981 16.31915089106730
0 KILICSAT
1 56181U 23054D   25030.22200029  .12678910  26668-5  31275-3 0  9990
2 56181  97.3110 300.8595 0005727 223.4023 136.6830 16.45875275101482
0 BRO-9
1 56185U 23054H   26103.26695146  .00088522  00000-0  64984-3 0  9999
2 56185  97.3020  17.5920 0002846 157.0831 203.0560 15.72856627168816
0 CIRBE
1 56188U 23054L   24278.18657892  .15167412  25747-5  32054-3 0  9995
2 56188  97.3167 183.5106 0004698 260.0967  99.9806 16.46793547 83389
0 IRIS-C
1 56221U 23054AV  24292.66240337  .10137280  25872-5  12701-2 0  9994
2 56221  97.3146 196.9710 0006386 176.8934 183.2405 16.36100452 85534
0 SPEI SATELLES
1 56991U 23084BT  25093.89040148  .09884965  26180-5  77059-3 0  9992
2 56991  97.5226 233.3404 0013114 278.3259  81.6553 16.39623223101252
0 URESAT-1
1 56992U 23084BU  25042.76759540  .17342116  26494-5  33638-3 0  9995
2 56992  97.5047 178.6720 0014759 276.3055  83.6566 16.46134597 93271
0 MRC-100
1 56993U 23084BV  25004.25947094  .12600048  25824-5  83387-3 0  9999
2 56993  97.5134 139.2748 0011223 298.8771  61.1402 16.40581581 87376
0 METEOR M2-3
1 57166U 23091A   26103.31652891 -.00000012  00000-0  13815-4 0  9993
2 57166  98.6144 159.6032 0004029  16.4750 343.6560 14.24041291145288
0 OBJECT G
1 57172U 23091G   26103.26856009  .00003416  00000-0  16109-3 0  9999
2 57172  97.5115 162.2323 0012426 353.4476   6.6594 15.20107184154142
0 OBJECT K
1 57175U 23091K   26103.23651679  .00007645  00000-0  28503-3 0  9994
2 57175  97.5110 165.9330 0009409 353.2377   6.8733 15.27680579154387
0 OBJECT Q
1 57180U 23091Q   26103.20002845  .00005949  00000-0  22979-3 0  9998
2 57180  97.5142 166.2173 0010888 335.1159  24.9553 15.26594860154373
0 OBJECT S
1 57182U 23091S   26103.24867758  .00006294  00000-0  24224-3 0  9995
2 57182  97.5135 166.2330 0010827 335.4336  24.6385 15.26690184154382
0 OBJECT Z
1 57189U 23091Z   26103.28377169  .00009104  00000-0  27860-3 0  9990
2 57189  97.5139 171.5589 0006020 305.3374  54.7305 15.34053926154737
0 OBJECT AA
1 57190U 23091AA  26103.13742800  .01294825  98703-3  19373-2 0  9990
2 57190  97.4904 186.7286 0009924 254.0597 105.9590 16.04903813155736
0 OBJECT AP
1 57203U 23091AP  26103.23475130  .00007118  00000-0  24374-3 0  9999
2 57203  97.5139 169.6213 0006875 314.6836  45.3843 15.30520698154600
0 STARLINK-30221
1 57418U 23102Q   26103.27487363 -.00000492  00000-0 -15899-4 0  9998
2 57418  43.0033  57.9991 0000940 255.8477 104.2264 15.11073904151479
0 OBJECT F
1 58261U 23174F   25226.74650706  .09886468  25425-5  70553-3 0  9996
2 58261  97.3922 318.3866 0015160 267.1721  92.7843 16.39664098 99160
0 OBJECT BP
1 58317U 23174BP  25091.62106398  .07821529  24928-5  14590-2 0  9998
2 58317  97.3838 180.0067 0013270 269.4347  90.5427 16.31943736 78302
0 HADES-D
1 58567U 23174CY  24309.97818561  .05857091  24053-5  40431-2 0  9999
2 58567  97.4081  29.7179 0009578 300.1764  59.8573 16.16392543 55554
0 MDQUBESAT-2
1 58665U 23185P   26103.19589001  .00135120  00000-0  11363-2 0  9992
2 58665  97.5368 192.6185 0003875 164.3768 195.7614 15.69445572127674
0 OBJECT Q
1 59065U 24039Q   26103.29011204  .00007788  00000-0  17036-3 0  9994
2 59065  97.4789  82.2498 0009384   3.4425 356.6886 15.44397450118628
0 SONATE-2
1 59112U 24043Q   26103.20064799  .00025361  00000-0  38941-3 0  9995
2 59112  97.5449 249.8789 0007460  84.9839 275.2265 15.54238593117781
0 EXO-0
1 59175U 23174DK  26103.17016093  .00005733  00000-0  17869-3 0  9995
2 59175  97.3832 183.3278 0009968  49.8656 310.3458 15.33601061135079
0 OBJECT C
1 60237U 24128C   26103.23392140  .00002409  00000-0  17457-3 0  9993
2 60237  61.9885  84.0612 0048242 120.9799 239.6046 15.06127561 96486
0 ROBUSTA-3A
1 60243U 24128J   26103.22239962  .00004039  00000-0  24950-3 0  9998
2 60243  61.9860  77.8013 0048958 114.7138 245.9064 15.10681051 96601
0 CATSAT
1 60246U 24125J   26103.02333060  .00032538  00000-0  52848-3 0  9992
2 60246  97.2174 314.9892 0025762  66.5344 293.8613 15.52270149 97268
0 SR-0 DEMOSAT
1 60455U 24147B   24306.95056519  .14569292  41128-5  32600-2 0  9995
2 60455  37.3538 162.9853 0013229 282.3917  77.5393 16.28877097 11746
0 BINAR-4
1 60952U 98067WS  24309.27445772  .07980878  12042-4  24966-2 0  9997
2 60952  51.6099 332.5936 0004199  58.1619 301.9809 16.25742416 10490
0 OBJECT WT
1 60953U 98067WT  24343.67168105  .13878711  12527-4  44135-3 0  9990
2 60953  51.5977 155.7050 0005998 270.7882  89.2459 16.44564326 15911
0 OBJECT WU
1 60954U 98067WU  24334.01561250  .09108413  12187-4  11947-2 0  9993
2 60954  51.6047 205.2539 0008835 243.5267 116.4851 16.34683424 14392
0 BINAR-2
1 60956U 98067WW  24314.24347963  .06491887  11953-4  23644-2 0  9995
2 60956  51.6000 307.2284 0003913  97.6580 262.4884 16.23962606 11262
0 BINAR-3
1 60957U 98067WX  24310.06998193  .09654898  12176-4  19638-2 0  9991
2 60957  51.6018 328.1298 0004329  55.5404 304.6027 16.30458602 12600
