MOON OSCAR-0
1 00000U 00000    25005.79844963  .00000000  00000-0  10000-3 0 99995
2 00000 028.5851 000.6503 0506000 021.1150 340.6410 00.03660099000007
SUN95 SUN PSEUDO KEPS
1 00001U 00000    95080.09236111  .00000000  00000-0  10000-3 0 99999
2 00001 023.3400 000.0000 0000001 282.8700 075.2803 00.00273791000018
LCS 1
1 01361U 65034C   25185.60592907  .00000016  00000-0  10240-2 0  9994
2 01361  32.1422 282.3141 0012910 330.8120  29.1656  9.89308808175463
NOAA-1
1 04793U 70106A   25185.63587675 -.00000047  00000+0 -22446-4 0  9999
2 04793 101.3881 229.7394 0031024 308.7440 171.0260 12.54043674497125
NOAA-2 (ITOS-D)
1 06235U 72082A   25185.63846311 -.00000025  00000+0  13689-3 0  9995
2 06235 102.0205 195.1678 0004517 110.7349 358.4679 12.53201811411414
OSCAR 6
1 06236U 72082B   25185.59768169 -.00000035  00000-0  70253-4 0  9998
2 06236 102.0138 200.2692 0004714  93.3663  24.4557 12.53202962411422
NOAA-3
1 06920U 73086A   25185.67434285 -.00000025  00000+0  16029-3 0  9999
2 06920 102.2884 191.2356 0006816  46.5460  64.5909 12.40383505339006
NOAA-4
1 07529U 74089A   25185.61720374 -.00000031  00000+0  94463-4 0  9996
2 07529 102.0029 189.7087 0009317 137.3513 335.7827 12.53195183315981
OSCAR 7 (AO-7)
1 07530U 74089B   25185.63430821 -.00000040  00000+0  39154-4 0  9991
2 07530 101.9929 190.1650 0012630  74.9976  38.8039 12.53689916316960
NOAA-5
1 09057U 76077A   25185.57287398 -.00000013  00000+0  25123-3 0  9998
2 09057 102.2584 165.1517 0009245 256.1672 218.2979 12.37819220211467
TIROS N
1 11060U 78096A   25185.58513073  .00000117  00000+0  75765-4 0  9993
2 11060  98.4859 216.8209 0010785 163.3974 196.7558 14.19202452629441
NOAA-6
1 11416U 79057A   25185.58839121  .00000238  00000+0  98782-4 0  9999
2 11416  98.5979 211.9370 0009427 202.2820 157.7957 14.35195597401097
NOAA-7
1 12553U 81059A   25185.66310632  .00000025  00000+0  34106-4 0  9991
2 12553  98.8426 250.2828 0011519 176.9430 183.1817 14.17710897275726
NOAA-8
1 13923U 83022A   25185.59947509  .00000101  00000+0  56885-4 0  9999
2 13923  98.7364 192.5906 0014523 190.8862 169.2007 14.29640773201403
PHASE 3B (AO-10)
1 14129U 83058B   25184.17597283 -.00000115  00000+0  00000+0 0  9999
2 14129  26.6062 278.5456 6065183  18.6603 356.2614  2.05870399288302
UOSAT 2 (UO-11)
1 14781U 84021B   25185.45828466  .00001076  00000+0  11888-3 0  9992
2 14781  97.7555 151.3373 0006323 251.3455 108.7076 14.89445055205341
NOAA-9
1 15427U 84123A   25185.66750799  .00000096  00000+0  71212-4 0  9998
2 15427  99.1210 198.7752 0013620 253.0191 217.3610 14.16932454 94445
NOAA-10
1 16969U 86073A   25185.55966457  .00000100  00000+0  56921-4 0  9990
2 16969  98.6750 174.8214 0011000 295.9236 173.3725 14.29014944 19762
COSMOS 1861
1 18129U 87054A   25185.60768030  .00000052  00000-0  39600-4 0  9995
2 18129  82.9243 220.1474 0011328 193.0243 281.3453 13.73229339905831
NOAA-11
1 19531U 88089A   25185.44500100  .00000030  00000+0  36908-4 0  9999
2 19531  98.5719 138.3855 0010373 211.3360 148.7198 14.15751091898279
OSCAR 16 (PACSAT)
1 20439U 90005D   25185.60277038  .00000109  00000-0  55847-4 0  9999
2 20439  98.8871 207.4142 0010854 165.3280 308.0986 14.33779271852120
OSCAR 17 (DOVE)
1 20440U 90005E   25185.62453920  .00000108  00000-0  55028-4 0  9999
2 20440  98.8882 201.6347 0011320 140.7067 331.1758 14.34314844852515
LUSAT (LO-19)
1 20442U 90005G   25185.57606534  .00000096  00000+0  51181-4 0  9997
2 20442  98.8977 192.5020 0012313 141.1497 219.0574 14.33962280852571
COSMOS 2123
1 21089U 91007A   25185.57991757  .00000039  00000-0  24653-4 0  9994
2 21089  82.9217 235.4361 0028848 193.0766 285.0939 13.74857684726157
NOAA-12
1 21263U 91032A   25185.55113633  .00000077  00000+0  49655-4 0  9993
2 21263  98.5880 174.8221 0013001 328.6897  31.3508 14.26616079775390
ARASENE
1 22654U 93031B   25185.18753832 -.00000093  00000-0  00000-0 0  9996
2 22654   4.6930  57.3480 2830850 312.8266 262.0881  1.42203352162473
NOAA-13
1 22739U 93050A   25185.48831852  .00000069  00000+0  59230-4 0  9997
2 22739  98.6573 135.6740 0010344  46.3651 313.8379 14.13534012644255
EYESAT A (AO-27)
1 22825U 93061C   25185.67251229  .00000069  00000+0  43444-4 0  9990
2 22825  98.7355 247.3518 0009124  45.6093 314.5835 14.30806334657572
ITAMSAT (IO-26)
1 22826U 93061D   25185.68408097  .00000078  00000+0  46485-4 0  9997
2 22826  98.7302 247.2488 0009382  30.5175 329.6551 14.31220226657854
RADIO ROSTO (RS-15)
1 23439U 94085A   25185.54311290 -.00000027  00000+0  45154-3 0  9994
2 23439  64.8146 145.4367 0145946  69.4789 292.1729 11.27581557256708
NOAA-14
1 23455U 94089A   25185.56032532  .00000041  00000+0  42924-4 0  9995
2 23455  98.4649 167.0915 0009635  10.1355 350.0012 14.14589315574051
JAS-2 (FO-29)
1 24278U 96046B   25185.59392607 -.00000048  00000+0 -94472-5 0  9994
2 24278  98.5728  76.1925 0348845 277.8321  78.3358 13.53250118426157
NOAA-15
1 25338U 98030A   25185.63312878  .00000182  00000+0  92552-4 0  9997
2 25338  98.5339 210.1601 0009025 288.0691  71.9506 14.26991822411975
TECHSAT 1B (GO-32)
1 25397U 98043D   25185.55982956  .00000053  00000+0  42926-4 0  9994
2 25397  98.9712 165.2019 0002174 115.5040 244.6363 14.24320182401840
ISS (ZARYA)
1 25544U 98067A   25185.47485775  .00005492  00000+0  10282-3 0  9993
2 25544  51.6344 221.3901 0002450 331.8120  28.2736 15.50368910517843
TERRA
1 25994U 99068A   25185.64979589  .00000322  00000-0  75170-4 0  9990
2 25994  97.9971 243.0187 0001179 213.7685 297.5684 14.60724783358861
NOAA-16
1 26536U 00055A   25185.55414907  .00000046  00000+0  46032-4 0  9996
2 26536  98.4870 212.7836 0009716 213.9674 146.0879 14.13813364278101
AMSAT OSCAR 40
1 26609U 00072B   25184.15269373 -.00000385  00000-0  00000-0 0  9995
2 26609   9.6552  40.7775 7970361  72.2980 353.4908  1.25590517113128
PCSAT (NO-44)
1 26931U 01043C   25185.09537309  .00000084  00000+0  62359-4 0  9996
2 26931  67.0513  64.4553 0006186 276.9259  83.1139 14.31744424240615
AQUA
1 27424U 02022A   25185.66583822  .00000671  00000-0  14573-3 0  9993
2 27424  98.3785 144.2374 0001475  55.0265 357.4063 14.61331137232540
NOAA-17
1 27453U 02032A   25185.65707148  .00000107  00000+0  63694-4 0  9996
2 27453  98.8136 143.2818 0010498 280.6029  79.3968 14.26024022197466
METEOSAT 8 (MSG 1)
1 27509U 02040B   25185.51524550 -.00000189  00000-0  00000-0 0  9996
2 27509  10.5687  43.9462 0015300  66.7569 154.0689  0.97906226 83531
SAUDISAT 1C (SO-50)
1 27607U 02058C   25185.12112093  .00001118  00000+0  15611-3 0  9994
2 27607  64.5525 124.7787 0059080 328.6551  31.1037 14.81683787212866
CUTE-1 (CO-55)
1 27844U 03031E   25185.55335301  .00000252  00000+0  12888-3 0  9996
2 27844  98.6754 193.5042 0010816 112.3837 247.8488 14.24012279142191
CUBESAT XI-IV (CO-57)
1 27848U 03031J   25185.58374133  .00000219  00000+0  11559-3 0  9996
2 27848  98.6781 193.5209 0010505 127.8736 232.3394 14.23344769141920
MOZHAYETS 4 (RS-22)
1 27939U 03042A   25185.67746913  .00000797  00000+0  13410-3 0  9997
2 27939  98.3299 355.7378 0010204 293.0859 120.6695 14.72400762164523
AMSAT ECHO
1 28375U 04025K   25185.44190959  .00000227  00000-0  77738-4 0  9995
2 28375  98.6103 139.3030 0081683  81.7139 279.3303 14.43576960105400
INMARSAT 4-F1
1 28628U 05009A   25185.53323829  .00000043  00000-0  00000-0 0  9993
2 28628   4.7148  42.3201 0002116  67.7826 182.7360  1.00271712 74188
HAMSAT
1 28650U 05017B   25185.54355665  .00004011  00000-0  28300-3 0  9996
2 28650  98.0037 189.6332 0022530 128.8355 231.4887 15.05371242 94383
NOAA-18
1 28654U 05018A   25185.67827738  .00000048  00000+0  48915-4 0  9990
2 28654  98.8422 264.8724 0015134  61.0801 299.1887 14.13616647 37297
CUBESAT XI-V
1 28895U 05043F   25185.34528300  .00001225  00000+0  20749-3 0  9994
2 28895  98.2528 330.0096 0013628 224.6916 135.3192 14.71078210 50582
MOZ.5/SAFIR/RUBIN 5/SL-8
1 28898U 05043G   25185.38287508  .00000470  00000-0  99483-4 0  9997
2 28898  98.3043 320.9992 0018310 352.5306   7.5620 14.63743602672365
METEOSAT 9 (MSG 2)
1 28912U 05049B   25185.21753946  .00000131  00000-0  00000-0 0  9993
2 28912   8.5660  57.4986 0001665 351.6345 357.4432  1.00266949  3517
GOES-13
1 29155U 06018A   25185.63794679 -.00000083  00000-0  00000+0 0  9990
2 29155   3.6273  80.7022 0060051 267.2619 271.1966  0.98787870 69943
METOP-A
1 29499U 06044A   25185.54567226  .00002088  00000-0  25133-3 0  9990
2 29499  98.3312 277.0053 0180263  96.4938 329.9500 14.74125914974202
CUTE-1.7+APD II (CO-65)
1 32785U 08021C   25185.54553043  .00004526  00000+0  32635-3 0  9994
2 32785  97.7845 156.8977 0010942 123.8346 236.3923 15.04613830932837
AAUSAT CUBESAT 2
1 32788U 08021F   25139.97047148  .08158600  26426-5  14044-2 0  9997
2 32788  97.5714 139.5734 0010482 221.9933 138.0559 16.32875487930171
CANX-2
1 32790U 08021H   25185.48832338  .00002319  00000+0  18215-3 0  9996
2 32790  97.8178 155.4361 0013019 124.2787 235.9672 15.01850485932558
SEEDS II (CO-66)
1 32791U 08021J   25185.47322114  .00010100  00000+0  48310-3 0  9998
2 32791  97.7283 166.0783 0005806  87.6875 272.5023 15.19181206934271
YUBILEINY (RS-30)
1 32953U 08025A   25185.59191581  .00000018  00000+0  60397-4 0  9994
2 32953  82.5010 211.6235 0019001 355.2829   4.8068 12.43165857776643
INMARSAT 4-F3
1 33278U 08039A   25185.62264027 -.00000130  00000-0  00000+0 0  9997
2 33278   4.0021  30.0015 0002490  80.6733 298.3524  1.00274301 61786
STARS (KUKAI)
1 33498U 09002G   25185.33514877  .00002901  00000-0  29210-3 0  9996
2 33498  98.1234 115.2512 0007735 231.6512 128.4011 14.91989649886543
KKS-1 (KISEKI)
1 33499U 09002H   25185.57818247  .00001093  00000+0  14574-3 0  9998
2 33499  98.1188  97.9837 0007744 346.7405  13.3603 14.81685083884694
NOAA-19
1 33591U 09005A   25185.68878756  .00000146  00000+0  10162-3 0  9994
2 33591  98.9963 250.5331 0012693 294.5524  65.4325 14.13385077845650
TATIANA 2
1 35868U 09049D   25185.44026206  .00000128  00000-0  74705-4 0  9995
2 35868  98.6667 146.3758 0003647 185.2275 174.8867 14.24022177820199
SWISSCUBE
1 35932U 09051B   25185.69042516  .00000787  00000+0  16914-3 0  9996
2 35932  98.4279  82.3939 0006117 204.5879 155.5030 14.61383968838420
BEESAT-1
1 35933U 09051C   25185.53793445  .00000672  00000+0  14764-3 0  9998
2 35933  98.4210  82.5481 0004347 217.7143 142.3753 14.60790876838417
ITUPSAT1
1 35935U 09051E   25185.64395371  .00000614  00000+0  13943-3 0  9992
2 35935  98.4305  82.1760 0006447 231.1724 128.8900 14.59585625838053
AMAZONAS 2
1 35942U 09054A   25185.55333475 -.00000269  00000-0  00000-0 0  9995
2 35942   0.9140  88.1307 0003461  19.6393 313.4120  1.00274441 57695
XIWANG-1 (HOPE-1)
1 36122U 09072B   25185.47017599 -.00000039  00000+0  12598-4 0  9996
2 36122 100.3497 140.7232 0007009 312.5563  47.4958 13.16425769747256
GOES-15
1 36411U 10008A   25185.57754207  .00000052  00000-0  00000-0 0  9999
2 36411   0.3796  85.3408 0002863 107.4347 359.2245  1.00272508 56157
ASTRA 3B
1 36581U 10021A   25185.57007036  .00000151  00000-0  00000-0 0  9993
2 36581   0.5689  88.5809 0003699   8.4141  54.5383  1.00271289 55385
TISAT 1
1 36799U 10035E   25185.32952299  .00010063  00000+0  51126-3 0  9992
2 36799  98.0567 100.9319 0004022  41.1404 319.0131 15.17096113814720
O/OREOS (USA 219)
1 37224U 10062C   25185.31367802  .00001972  00000+0  20246-3 0  9993
2 37224  71.9696 147.0394 0014564   1.1348 358.9852 14.91557004 64739
JUGNU
1 37839U 11058B   25185.46996819  .00000396  00000+0  67332-4 0  9990
2 37839  19.9602 260.6744 0018466 196.0958 268.3552 14.13610291709769
SRMSAT
1 37841U 11058D   25185.62451817  .00000374  00000+0  59449-4 0  9991
2 37841  19.9737   2.9936 0011789 340.7302  87.3694 14.11442221708650
SUOMI NPP
1 37849U 11061A   25185.63432305  .00000054  00000+0  46418-4 0  9992
2 37849  98.7579 124.6263 0000574 189.0758 171.0408 14.19543760709126
METEOSAT 1(MSG 3)
1 38552U 12035B   25185.28239024  .00000009  00000-0  00000-0 0  9994
2 38552   3.8469  62.0622 0000836  55.1529 267.4750  1.00279233 47365
YUBELEINY 2
1 38735U 12041C   25185.53966082  .00000007  00000-0 -23238-4 0  9994
2 38735  82.4769 291.4558 0018578 106.3689 253.9434 12.42632982586660
AEROCUBE 4.5A
1 38767U 12048K   25185.17207134  .00022119  00000+0  56979-3 0  9995
2 38767  64.6461 143.3506 0098142 269.3729  89.6157 15.34366370318594
METOP-B
1 38771U 12049A   25185.66705578  .00000084  00000-0  57940-4 0  9998
2 38771  98.5756 239.1764 0000408  98.6819 261.4405 14.21469529663889
STRAND-1
1 39090U 13009E   25185.46649679  .00000254  00000+0  10052-3 0  9997
2 39090  98.3831   9.5093 0008608 182.1776 177.9374 14.36833689647124
BRITE-AUSTRIA
1 39091U 13009F   25185.48087354  .00000152  00000+0  66649-4 0  9997
2 39091  98.3889   8.7733 0009934 191.7211 168.3746 14.36320420647135
NEE-01 PEGASO
1 39151U 13018B   25185.34969093  .00002024  00000+0  21083-3 0  9990
2 39151  98.0757 314.7593 0012482 224.4142 135.6075 14.90935791658829
CUBEBUG 1
1 39153U 13018D   25185.35250010  .00003213  00000-0  30777-3 0  9997
2 39153  98.1224 326.6465 0011757 211.6150 148.4364 14.93873444659072
ESTCUBE 1
1 39161U 13021C   25185.63446530  .00001354  00000-0  18633-3 0  9996
2 39161  97.7794 246.3709 0009842  72.6855 287.5434 14.79808447653630
POPACS 1
1 39268U 13055D   25185.05908629  .00036934 -28868-6  31308-3 0  9994
2 39268  80.9695  56.6531 0228240 259.0322  98.5171 15.42676153618404
POPACS 2
1 39269U 13055E   25185.39026510  .00010393  00000+0  20383-3 0  9994
2 39269  80.9952 177.8971 0473864 219.0296 137.5826 14.76348360611636
POPACS 3
1 39270U 13055F   25185.15960616  .00008750  00000+0  21870-3 0  9990
2 39270  81.0035 244.3063 0582579  44.2162 320.4080 14.48445284588043
ZACUBE-1 (TSHEPISOSAT)
1 39417U 13066B   25185.45529935  .00003373  00000+0  29402-3 0  9998
2 39417  97.7805 142.3410 0043321 331.0751  28.8070 14.96852879628639
WNISAT-1
1 39423U 13066H   25185.38317644  .00000658  00000+0  13092-3 0  9990
2 39423  97.6794 355.3577 0164037 247.1018 111.2795 14.57132128616063
TRITON-1
1 39427U 13066M   25185.63601490  .00001942  00000+0  25062-3 0  9994
2 39427  97.8351  98.7765 0092728 285.4860  73.6127 14.79191508622857
Delfi-N3xt
1 39428U 13066N   25184.29043315  .00003937  00000-0  40233-3 0  9996
2 39428  97.8332 101.6796 0082698 282.8759  76.3229 14.88645204622601
GOMX-1
1 39430U 13066Q   25185.64325924  .00001617  00000+0  25570-3 0  9997
2 39430  97.6816  42.7669 0133710 111.9589 249.5890 14.67719576619085
HUMSAT D
1 39433U 13066T   25185.45156491  .00029630  00000-0  82750-3 0  9999
2 39433  97.5019 181.7976 0011069  40.6995 319.5074 15.36608717632895
FIRST-MOVE
1 39439U 13066Z   25185.37420090  .00028461  00000-0  97723-3 0  9992
2 39439  97.7431 160.7122 0022165 258.0345 101.8409 15.29861380628702
CUBEBUG-2 (LO-74)
1 39440U 13066AA  25185.39089544  .00003435  00000+0  34824-3 0  9997
2 39440  97.8497 129.7817 0063526  97.9715 262.8718 14.90064192625138
NEE-02 KRYSAOR
1 39441U 13066AB  25185.25684693  .00001540  00000+0  18177-3 0  9997
2 39441  97.8560 123.2511 0070012 128.6514 232.0994 14.84439361624543
FUNCUBE-1 (AO-73)
1 39444U 13066AE  25185.45455902  .00006081  00000+0  45312-3 0  9997
2 39444  97.7798 147.4677 0041138 303.4877  56.2419 15.02606073627325
UWE-3
1 39446U 13066AG  25185.40157251  .00004201  00000+0  39775-3 0  9998
2 39446  97.8239 136.1894 0054061  38.2862 322.2176 14.93065573625619
MCUBED-2
1 39469U 13072H   25185.57560531  .00014752  00000-0  71115-3 0  9994
2 39469 120.4929 100.9435 0174269   3.1835 357.0308 15.06713316 65236
UNISAT-6
1 40012U 14033C   25185.40655835  .00002622  00000+0  30464-3 0  9996
2 40012  97.7447 340.9102 0048828 132.2840 228.2530 14.85348300594484
BUGSAT 1
1 40014U 14033E   25185.57639238  .00003325  00000-0  20130-3 0  9996
2 40014  98.0733 253.5350 0029367 284.6175  75.1798 15.11046598603268
BRITE-CA1 (TORONTO)
1 40020U 14033L   25185.32143676  .00000583  00000+0  97434-4 0  9996
2 40020  97.9288 316.8972 0078922 311.1072  48.3339 14.71659568591030
DUCHIFAT-1
1 40021U 14033M   25185.58996733  .00018831  00000+0  66179-3 0  9991
2 40021  98.0943 202.1154 0007613 217.5578 142.5129 15.29410924602143
NANOSATC-BR1
1 40024U 14033Q   25185.51223288  .00009786  00000+0  47323-3 0  9994
2 40024  98.0906 185.1771 0003210 327.4892  32.6142 15.18836721600999
EO-79
1 40025U 14033R   25185.51396375  .00006823  00000+0  41463-3 0  9991
2 40025  98.0830 169.4985 0009528 339.8183  20.2667 15.10798910600406
DTUSAT-2
1 40030U 14033W   25185.43274307  .00005017  00000-0  32571-3 0  9993
2 40030  98.0557 158.4591 0008469 347.6092  12.4926 15.08526023600141
EO-80
1 40032U 14033Y   25185.45165800  .00005401  00000+0  34953-3 0  9996
2 40032  98.0444 158.0993 0006646 278.4782  81.5691 15.08609746600120
PERSEUS-M2
1 40037U 14033AD  25185.62288766  .00001149  00000+0  11383-3 0  9994
2 40037  97.9558 125.4894 0012711  18.2739 341.8935 14.93805448599365
PERSEUS-M1
1 40039U 14033AF  25185.40836680  .00001247  00000+0  12305-3 0  9990
2 40039  97.9295 120.1438 0012477  17.8589 342.3067 14.93795043598683
POLYITAN-1
1 40042U 14033AJ  25185.53345706  .00011528  00000+0  55146-3 0  9995
2 40042  98.1029 177.6353 0007807 273.8971  86.1369 15.19144032600573
TIGRISAT
1 40043U 14033AK  25185.43162499  .00001914  00000+0  23615-3 0  9995
2 40043  97.7380 339.9167 0052436 133.6673 226.8906 14.83050731594041
AEROCUBE 6A
1 40045U 14033AM  25184.93608771  .00004906  00000+0  47392-3 0  9991
2 40045  97.6946 352.6549 0044332  99.0057 261.6184 14.92531885594570
AEROCUBE 6B
1 40046U 14033AN  25185.38027677  .00004786  00000+0  44933-3 0  9996
2 40046  97.6928 352.2559 0042802  90.8826 269.7299 14.93728597594734
CANX-4
1 40055U 14034C   25185.56082389  .00000771  00000+0  10864-3 0  9994
2 40055  98.3603  42.3130 0014050  51.0818 309.1643 14.80265624593114
CANX-5
1 40056U 14034D   25185.56299251  .00000773  00000+0  10894-3 0  9998
2 40056  98.3606  42.3387 0014046  51.2291 309.0172 14.80279412593110
METEOR M2
1 40069U 14037A   25185.61168229  .00000091  00000-0  60750-4 0  9992
2 40069  98.4687 169.5421 0005226 338.8434  21.2527 14.21305850569940
DX 1
1 40071U 14037C   25185.63818561  .00001356  00000-0  15346-3 0  9993
2 40071  98.3445 122.7466 0006757 332.9821  27.1041 14.88234102594464
UKUBE
1 40074U 14037F   25185.48827225  .00006255  00000+0  43669-3 0  9997
2 40074  98.3946 149.9780 0000607 138.2609 221.8662 15.05768132596090
BRITE-PL2 (HEWELIUSZ)
1 40119U 14049B   25185.22343084  .00001577  00000+0  15850-3 0  9991
2 40119  97.8920 290.5147 0014662 177.5756 182.5536 14.92646016589503
ARSAT-1
1 40272U 14062B   25185.37045990 -.00000246  00000-0  00000-0 0  9999
2 40272   0.0388 294.9527 0002057 162.6113 246.6107  1.00271419 39124
METEOSAT 11 (MSG 4)
1 40732U 15034A   25185.37614017  .00000073  00000-0  00000-0 0  9999
2 40732   2.3306  72.3842 0000649 108.5413 246.4060  1.00267952  3725
XW-2C
1 40906U 15049H   25047.62605869  .06460715  25777-5  82494-3 0  9990
2 40906  97.4284  83.7622 0006300 238.5188 121.5494 16.35922890522636
XW-2D
1 40907U 15049J   24320.92351917  .16701952  27880-5  21132-3 0  9990
2 40907  97.4221 349.6759 0008313 198.6926 161.4075 16.49393757508467
LILACSAT-2
1 40908U 15049K   25185.63939657  .00010314  00000+0  26534-3 0  9990
2 40908  97.5052 206.5968 0010868  75.7827 284.4625 15.39393509542083
IO-86
1 40931U 15052B   25151.18580175  .00001241  00000-0  78118-4 0  9996
2 40931   6.0006  24.0987 0012733 338.8432  21.1169 14.78805930523047
ARSAT-2
1 40941U 15054B   25185.54933824 -.00000210  00000-0  00000-0 0  9996
2 40941   0.0367 294.9323 0002177 158.0901 306.5188  1.00271744 35824
AEROCUBE 5C
1 40965U 15058B   25185.60000578  .00003283  00000+0  29016-3 0  9996
2 40965  64.7679 261.7712 0161203 192.4635 167.2470 14.88707891313865
AEROCUBE 7
1 40966U 15058C   25185.61086795  .00003935  00000+0  32294-3 0  9999
2 40966  64.7635 250.5390 0152774 192.4386 167.2941 14.92030367314037
AO-85 FOX-1A
1 40967U 15058D   24191.52241874  .00002900  00000-0  27853-3 0  9994
2 40967  64.7789 307.0127 0190998 297.1877  60.9874 14.82391991  8308
SINOD-D 1
1 40968U 15058E   25185.61720285  .00004530  00000+0  37500-3 0  9997
2 40968  64.7759 264.2922 0147017 186.3471 173.5786 14.92080996 64739
SNAP-3 ALICE
1 40970U 15058G   25185.38365093  .00017222  00000+0  69912-3 0  9990
2 40970  64.7638 184.1761 0080783 187.8346 172.1527 15.21723026 63448
LMRST-SAT
1 40971U 15058H   25185.60948658  .00003234  00000+0  29312-3 0  9998
2 40971  64.7762 272.7294 0159888 188.8269 171.0026 14.87940207 61791
SNAP-3 EDDIE
1 40972U 15058J   25185.35932324  .00016231  00000+0  64370-3 0  9998
2 40972  64.7557 176.7381 0085950 189.8347 170.1104 15.22132047 65550
PROPCUBE 3
1 40973U 15058K   25185.55595561  .00003767  00000+0  31760-3 0  9996
2 40973  64.7690 256.0318 0154353 190.8150 168.9633 14.90940527 62912
BISONSAT
1 40974U 15058L   25185.50334471  .00007078  00000+0  42153-3 0  9990
2 40974  64.7618 209.3198 0116416 189.4701 170.4226 15.06397746 63075
SNAP-3 JIMI
1 40975U 15058M   25185.58457405  .00004889  00000+0  36027-3 0  9992
2 40975  64.7658 235.3113 0138818 190.0633 169.7699 14.97082867 62098
PROPCUBE 1 (FLORA)
1 40976U 15058N   25185.59068597  .00003633  00000+0  33916-3 0  9994
2 40976  64.7757 290.5048 0159483 190.6004 169.1733 14.86630370 64549
SINOD-D 3
1 40977U 15058P   25185.63470300  .00004661  00000+0  40055-3 0  9993
2 40977  64.7734 278.2572 0149189 189.9492 169.8661 14.90425064 62894
HORYU-4
1 41340U 16012D   25185.53820542  .00019427  00000+0  50309-3 0  9994
2 41340  30.9979 323.9788 0006395 326.7575  33.2669 15.37781170516639
Lapan A3
1 41603U 16040E   25185.61600759  .00002781  00000-0  98118-4 0  9999
2 41603  97.1370 189.2429 0011207 170.3519 189.7940 15.29999888501614
ALSAT 1N
1 41789U 16059G   25185.63430539  .00000633  00000-0  11702-3 0  9990
2 41789  97.8041 199.6588 0025417 216.2891 143.6592 14.68406254468989
CAS-2T & KS-1Q
1 41847U 16066G   25185.22046935  .00001476  00000+0  21633-3 0  9990
2 41847  98.4195 259.4668 0347077 103.9560 260.0480 14.43557977454571
RAVAN
1 41849U 16067B   25185.55422569  .00012544  00000+0  42254-3 0  9990
2 41849  98.0429  36.6300 0009929 142.7324 217.4605 15.30872240474169
CELTEE 1
1 41850U 16067C   25185.53585361  .00003929  00000+0  21547-3 0  9999
2 41850  98.1059  23.7386 0001547  51.0671 309.0697 15.14827280473161
OPTICUBE 04
1 41851U 16067D   25185.51487384  .00001906  00000+0  13045-3 0  9991
2 41851  98.0936  14.5892 0015701 207.0516 152.9893 15.07356195472754
AEROCUBE 8D
1 41852U 16067E   25185.51202550  .00005605  00000+0  28031-3 0  9993
2 41852  98.1094  25.0191 0002726 243.3273 116.7680 15.17890336473211
AEROCUBE 8C
1 41853U 16067F   25185.51569855  .00005604  00000+0  27907-3 0  9998
2 41853  98.0940  22.7713 0006352 167.0239 193.1157 15.18023490473205
PROMETHEUS 2-1
1 41854U 16067G   25185.53470132  .00044142  00000+0  77540-3 0  9998
2 41854  98.0747  41.8365 0007327 151.2548 208.9107 15.50365269474274
PROMETHEUS 2-3
1 41855U 16067H   25185.54445642  .00042799  00000+0  75285-3 0  9998
2 41855  98.0681  40.9967 0006153 153.6229 206.5335 15.50341861474277
GOES-16
1 41866U 16071A   25185.62205368 -.00000076  00000-0  00000-0 0  9997
2 41866   0.0499 233.3734 0001007 268.7584 259.9500  1.00272260 31613
ZHUHAI-1 02 (CAS-4B)
1 42759U 17034B   25185.42415847  .00072083  00000+0  66966-3 0  9993
2 42759  43.0044 173.4692 0019079 105.0406 255.2572 15.66275340446492
ZHUHAI-1 01 (CAS-4A)
1 42761U 17034D   25185.43566812  .00077753  00000+0  67869-3 0  9998
2 42761  43.0081 170.2646 0020185 110.3208 249.9830 15.67750143446519
DSAT
1 42794U 17036AF  25185.48264074  .00005538  00000-0  30855-3 0  9994
2 42794  97.5153 162.9257 0091105 282.4684  76.6364 15.10491219438257
TechnoSat
1 42829U 17042E   25184.83067977  .00002300  00000-0  18031-3 0  9997
2 42829  97.3852 352.3786 0016218 191.7584 168.3265 15.01803630434366
CORVUS BC2
1 42846U 17042X   25185.47575749  .00002743  00000+0  20740-3 0  9998
2 42846  97.3768 356.8689 0013238 212.3903 147.6512 15.03076108434770
CORVUS BC1
1 42847U 17042Y   25185.45608158  .00002178  00000+0  16455-3 0  9998
2 42847  97.3786 357.4062 0012281 187.0445 173.0611 15.03317492434798
NOAA-20 (JPSS-1)
1 43013U 17073A   25185.65017110  .00000051  00000+0  45070-4 0  9996
2 43013  98.7417 123.9049 0001052 143.4762 216.6486 14.19513144395162
MIRATA
1 43015U 17073C   25185.14703667  .00083139  00000+0  12104-2 0  9999
2 43015  97.5362  81.1145 0073321 357.6329   2.4565 15.52305925414613
MAKERSAT 0
1 43016U 17073D   25185.62442311  .00015820  00000+0  62220-3 0  9996
2 43016  97.5163  63.5679 0146539  53.9481 307.5225 15.16264477413534
RADFXSAT (FOX-1B)
1 43017U 17073E   25185.59438006  .00008934  00000+0  45193-3 0  9997
2 43017  97.5218  55.7323 0172971  81.5036 280.5751 15.05069530412979
S-Net D
1 43186U 18014G   25184.58937635  .00003612  00000-0  21392-3 0  9994
2 43186  97.5604  87.2515 0010274 134.6674 225.5395 15.12007544406008
S-Net B
1 43187U 18014H   25184.59509269  .00003804  00000-0  22514-3 0  9994
2 43187  97.5610  87.2300 0011064 131.0840 229.1347 15.11987295406008
S-Net A
1 43188U 18014J   25184.58968396  .00003636  00000-0  21521-3 0  9994
2 43188  97.5618  87.3779 0010932 131.5763 228.6406 15.12012349406000
S-Net C
1 43189U 18014K   25184.59755927  .00003912  00000-0  23139-3 0  9994
2 43189  97.5634  87.4041 0012563 125.9181 234.3217 15.11982837404554
GOES-17
1 43226U 18022A   25185.54690559 -.00000167  00000-0  00000-0 0  9999
2 43226   0.0538 113.5352 0000907  85.8806 186.9927  1.00421400 26930
Ten-Koh
1 43677U 18084G   25184.46736433  .00001606  00000-0  13207-3 0  9993
2 43677  98.0852 357.6685 0007582 171.1599 188.9758 15.00660204363828
DIWATA-2B
1 43678U 18084H   25185.63113805  .00001911  00000+0  16540-3 0  9997
2 43678  98.1036   2.7119 0008367 192.9076 167.1932 14.98414056364133
METOP-C
1 43689U 18087A   25185.63236830  .00000082  00000-0  57668-4 0  9992
2 43689  98.7144 245.6492 0002371  96.8219 263.3228 14.21493260345454
ES'HAIL 2
1 43700U 18090A   25185.57050476  .00000158  00000+0  00000+0 0  9999
2 43700   0.0128  61.5233 0002400  74.6615  17.7910  1.00272791 24192
MinXSS-2
1 43758U 18099A   25185.18152874  .00014183  00000-0  54692-3 0  9997
2 43758  97.5011 251.3050 0012913  74.3210 285.9452 15.26348859360725
SIRION PATHFINDER-2
1 43759U 18099B   25185.56418860  .00004750  00000+0  29506-3 0  9994
2 43759  97.4761 237.8914 0010946  64.8796 295.3568 15.10094241360080
STPSAT-5
1 43762U 18099E   25185.59456218  .00002949  00000-0  18661-3 0  9999
2 43762  97.4601 239.7288 0005198  96.2416 263.9406 15.09739076360355
CORVUS BC4
1 43767U 18099K   25185.62116287  .00004273  00000+0  27722-3 0  9996
2 43767  97.4574 233.6479 0010462 115.3904 244.8409 15.08553087359937
AISTECHSAT-2
1 43768U 18099L   25185.56736485  .00004554  00000-0  27930-3 0  9992
2 43768  97.4810 236.2975 0006564  69.1818 291.0114 15.10613586359716
FOX-1CLIFF (AO-95)
1 43770U 18099N   25185.11377632  .00007918  00000+0  39659-3 0  9998
2 43770  97.4901 242.9315 0012092 124.1631 236.0751 15.17584754360270
RANGE-A
1 43773U 18099R   25185.59681049  .00003957  00000-0  25185-3 0  9992
2 43773  97.4473 233.2736 0013050 105.0131 255.2543 15.09275769359998
OBJECT T
1 43775U 18099T   25185.59722591  .00002729  00000+0  18621-3 0  9994
2 43775  97.4719 235.3012 0007844  83.2959 276.9161 15.07007258359914
MOVE-II
1 43780U 18099Y   25185.15718627  .00796684  27939-3  19989-2 0  9998
2 43780  97.4637 262.9999 0008895 242.6350 117.4021 15.95651018361690
SNUSat 2
1 43782U 18099AA  25184.38771553  .00005271  00000-0  28602-3 0  9996
2 43782  97.4582 238.7701 0013481  75.2190 285.0534 15.14896092360102
SnugLite
1 43784U 18099AC  25184.61121639  .00007346  00000-0  36526-3 0  9997
2 43784  97.4399 238.5987 0005063  82.2293 277.9515 15.17918791360285
ITASAT
1 43786U 18099AE  25185.67640919  .00005397  00000+0  30686-3 0  9997
2 43786  97.4554 239.4697 0015899 117.6842 242.6005 15.13186695360255
1 43787U 18099AF  25185.60100504  .00569049  12707-3  18905-2 0  9991
2 43787  97.4370 258.5771 0006958 244.9456 115.1095 15.90252836361685
JY1SAT
EAGLET 1
1 43790U 18099AJ  25184.61911512  .00003601  00000-0  22990-3 0  9991
2 43790  97.4752 238.3125 0013674 106.0752 254.1984 15.09218710359694
ESEO
1 43792U 18099AL  25184.57417795  .00000677  00000-0  54983-4 0  9990
2 43792  97.4459 231.2133 0014917  81.5175 278.7741 15.02686471359428
CSIM
1 43793U 18099AM  25183.47212575  .00111399  00000-0  58446-3 0  9999
2 43793  97.4768 263.2271 0004323 131.1159 229.0482 15.80443332361252
JY1SAT (JO-97)
1 43803U 18099AX  25185.58281758  .00010062  00000+0  45237-3 0  9992
2 43803  97.4650 244.4411 0008632  65.8356 294.3781 15.21290718360574
Suomi 100
1 43804U 18099AY  25185.11097784  .00008340  00000-0  40346-3 0  9999
2 43804  97.4714 243.1989 0013557  67.3527 292.9139 15.18765464360427
1 43806U 18099BA  25185.61264047  .00004586  00000+0  27746-3 0  9990
2 43806  97.4518 236.8698 0009787  92.5915 267.6436 15.11077346359861
1 43806U 18099BA  25185.61264047  .00004586  00000-0  27746-3 0  9991
SPACEBEE-7
1 43816U 18099BL  25185.66491290  .00026421  00000+0  71701-3 0  9990
2 43816  97.4943 256.3828 0005755  40.2108 319.9561 15.37570338360657
SHIELDS 1
1 43850U 18104B   25185.55486161  .00027951  00000+0  31378-3 0  9999
2 43850  85.0137  18.9415 0007730  61.6366 298.5677 15.62446769365355
ISAT
1 43879U 18111D   25184.68887327  .00015796  00000-0  53465-3 0  9996
2 43879  97.5937  99.6252 0010749 109.4769 250.7634 15.30633011355365
UWE-4
1 43880U 18111E   25185.65147797  .00012891  00000+0  49546-3 0  9993
2 43880  97.5880  98.9107 0013669 118.4876 241.7740 15.26473450355450
Sparrow
1 43881U 18111F   25185.69614178  .00017588  00000-0  57145-3 0  9993
2 43881  97.6086 103.6323 0008338 137.0945 223.0948 15.31952997355632
Prox-1
1 44339U 19036A   25184.61783275  .00007755  00000-0  96017-3 0  9991
2 44339  23.9972 263.8517 0007262 353.2911   6.7488 14.80343865321584
SONATE
1 44400U 19038Q   25185.04804581  .04763960  26969-5  62783-3 0  9995
2 44400  97.6638 215.9601 0011195 235.7841 124.2395 16.35453268333507
Taurus 1
1 44530U 19059C   25185.63923514  .00004181  00000-0  77084-3 0  9997
2 44530  98.6090 326.2287 0008013 322.0623  38.0013 14.66073418307612
DUCHIFAT-3
1 44854U 19089C   25185.39988900  .00039179  00000+0  71815-3 0  9992
2 44854  36.9410 197.1608 0004711 182.0944 177.9794 15.48339940306866
TIANYAN 01
1 44881U 19093C   25185.68267319  .00000703  00000+0  87228-4 0  9990
2 44881  97.7919 260.8076 0014657 144.5298 215.6894 14.85642055299807
FloripaSat 1
1 44885U 19093G   25185.65388360  .00005037  00000-0  42341-3 0  9993
2 44885  97.8157 273.3072 0012553 119.7869 240.4603 14.98683173300506
RS-44 & BREEZE-KM R/B
1 44909U 19096E   25185.57160553  .00000015  00000+0  19158-4 0  9997
2 44909  82.5196 210.6739 0216437 236.9831 121.0310 12.79741568257880
M2 PATHFINDER
1 45727U 20037E   25185.45037466  .00002388  00000+0  18529-3 0  9991
2 45727  97.8163   8.2813 0011876 242.8067 117.1947 15.02314214273246
UPMSat 2
1 46276U 20061E   25185.15707831  .00073825  00000-0  56811-3 0  9996
2 46276  97.2420 260.4190 0002212 150.0468 210.0922 15.71787086269322
SALSAT
1 46495U 20068K   25185.51873113  .00005759  00000+0  24751-3 0  9991
2 46495  97.8611 164.7052 0013060  78.5362 281.7339 15.23018510262322
NETSAT-4
1 46504U 20068U   25185.51525509  .00010124  00000+0  34133-3 0  9992
2 46504  97.8458 164.7616 0009037 111.1988 249.0218 15.30903406262367
NETSAT-3
1 46505U 20068V   25185.46675754  .00010429  00000+0  36820-3 0  9998
2 46505  97.8459 163.5924 0008686 120.4498 239.7600 15.29398378262316
NETSAT-1
1 46506U 20068W   25185.46697262  .00007553  00000+0  31005-3 0  9991
2 46506  97.8487 161.2367 0007964 133.1153 227.0751 15.24506820262158
NETSAT-2
1 46507U 20068X   25185.51189360  .00011295  00000+0  38483-3 0  9998
2 46507  97.8458 164.2298 0007065 131.1334 229.0516 15.30547224262302
WILDTRACKCUBE-SIMBA
1 47941U 21022K   25185.68856139  .00026119  00000+0  52441-3 0  9996
2 47941  97.4199  90.8101 0008294 206.0454 154.0379 15.46617498237078
CubeSX-Sirius-HSE
1 47951U 21022V   25157.62701764  .07883385  25648-5  89537-3 0  9993
2 47951  97.4004  72.1904 0010275 223.9924 136.0557 16.36879307233400
CubeSX-HSE
1 47952U 21022W   25157.69972699  .06655353  25454-5  93288-3 0  9992
2 47952  97.3980  72.5414 0010307 219.3637 140.6911 16.34906352233436
GRBAlpha
1 47959U 21022AD  25160.45426279  .07940347  25506-5  90589-3 0  9995
2 47959  97.3899  75.6235 0011032 227.2558 132.7812 16.36806138232695
TUBIN
1 48900U 21059X   25185.65191235  .00038222  00000-0  43150-3 0  9994
2 48900  97.6760 356.9551 0004243 138.3798 221.7783 15.62398396223957
LEDSAT
1 49069U 21073D   25185.15867066  .00071574  00000+0  76213-3 0  9996
2 49069  97.3879 267.7776 0006862 344.1494  15.9549 15.63743623215276
CUTE
1 49263U 21088D   25185.19090583  .00015945  00000-0  30884-3 0  9999
2 49263  97.4499 262.1725 0009312 145.9890 214.1958 15.47753374208235
TeikyoSat 4
1 49396U 21102B   25185.63849678  .00001779  00000-0  12023-3 0  9994
2 49396  97.4089 223.1615 0013759  52.8539 307.3944 15.07729143200323
Z-Sat
1 49399U 21102E   25185.65933293  .00003891  00000-0  21351-3 0  9997
2 49399  97.3787 226.4333 0018440  22.6942 337.5102 15.14584693200775
KOSEN 1
1 49402U 21102H   25185.67956151  .00005675  00000-0  26150-3 0  9996
2 49402  97.3692 230.0590 0015347 357.8559   2.2608 15.20565882201102
XW-3 (CAS-9)
1 50466U 21131B   25185.62208676  .00000433  00000+0  14889-3 0  9999
2 50466  98.5107 274.8529 0005267  69.8169 290.3586 14.40838500185054
Foresail-1
1 52766U 22057AL  25176.64799660  .13857605  27391-5  25307-3 0  9992
2 52766  97.5832 331.2310 0012137 233.7199 258.4922 16.46795272172486
SNUGLITE 2
1 52899U 22065F   25185.38126570  .00000827  00000-0  16959-3 0  9991
2 52899  98.1717 327.1174 0008385  43.8202 316.3664 14.63259690160119
GREENCUBE (IO-117)
1 53109U 22080E   25184.09186421 -.00000003  00000+0  00000+0 0  9993
2 53109  70.1418  59.6423 0008599   5.0038 355.0706  6.42583693 69633
NOAA-21 (JPSS-2)
1 54234U 22150A   25185.54527184  .00000034  00000+0  36807-4 0  9999
2 54234  98.7273 124.0583 0002723  95.1569 264.9918 14.19542360137227
STRATOSAT-TK 1 (RS52S)
1 57167U 23091B   25185.64375757  .00035002  00000+0  82607-3 0  9991
2 57167  97.5515 249.9761 0008213 207.0254 153.0566 15.41766486111874
UMKA 1 (RS40S)
1 57172U 23091G   25185.63138104  .00004780  00000+0  25500-3 0  9997
2 57172  97.5568 240.8845 0012910 244.4622 115.5276 15.15574572111273
CubeBel-2 (EU11S)
1 57175U 23091K   25185.66027865  .00007319  00000-0  34556-3 0  9997
2 57175  97.5567 242.2146 0010579 251.0356 108.9732 15.19696176111364
SITRO-AIS 5 (KATYS)
1 57176U 23091L   25185.63767565  .00007687  00000+0  35810-3 0  9994
2 57176  97.5572 242.6318 0012695 238.4362 121.5633 15.20120388111385
CUBESX-HSE 3 (RS42S)
1 57178U 23091N   25185.65417285  .00008188  00000+0  37038-3 0  9990
2 57178  97.5599 243.4872 0012347 229.9960 130.0192 15.21117318111423
MONITOR-3 (RS58S)
1 57180U 23091Q   25185.64306655  .00007379  00000+0  35092-3 0  9999
2 57180  97.5593 242.6760 0012903 233.2646 126.7404 15.19414310111375
MONITOR-4 (RS57S)
1 57182U 23091S   25185.63868969  .00007427  00000+0  35271-3 0  9994
2 57182  97.5588 242.6298 0012909 233.9198 126.0842 15.19463470111372
MONITOR-2 (RS39S)
1 57184U 23091U   25185.58264583  .00003859  00000+0  21259-3 0  9998
2 57184  97.5595 241.0808 0011085 233.5757 126.4453 15.14565607111263
SVYATOBOR 1 (RS60S)
1 57187U 23091X   25185.61411618  .00005968  00000+0  28622-3 0  9992
2 57187  97.5598 243.3486 0010057 222.4092 137.6366 15.19238081111415
VIZARD-METEO (RS38S)
1 57189U 23091Z   25185.61737452  .00008943  00000+0  37235-3 0  9997
2 57189  97.5587 245.4108 0008781 211.9568 148.1137 15.23944356111553
NANOZOND 1 (RS49S)
1 57190U 23091AA  25185.66263669  .00023291  00000+0  64957-3 0  9992
2 57190  97.5541 249.8326 0006540 197.5271 162.5748 15.36742176111868
POLYTECH-UNIVERSE 3 (R*)
1 57191U 23091AB  25185.64719098  .00003846  00000+0  21092-3 0  9990
2 57191  97.5565 240.6851 0015567 253.1594 106.7930 15.14676613111268
SITRO-AIS 6 (CHIRKIN)
1 57192U 23091AC  25185.62662820  .00007542  00000+0  35237-3 0  9992
2 57192  97.5570 242.6266 0012619 238.0686 121.9322 15.20023792111384
SITRO-AIS 8 (ANOKHIN)
1 57193U 23091AD  25185.64237880  .00008700  00000+0  38929-3 0  9997
2 57193  97.5567 243.2009 0012085 237.0771 122.9303 15.21469586111425
SITRO-AIS 7 (FARTUSHNIY)
1 57194U 23091AE  25185.64988646  .00007578  00000+0  35519-3 0  9995
2 57194  97.5569 242.5850 0012473 238.7270 121.2744 15.19915754111383
SITRO-AIS 10 (BURDAEV)
1 57199U 23091AK  25185.63374519  .00010431  00000+0  42161-3 0  9990
2 57199  97.5580 245.6491 0008442 215.7395 144.3278 15.24900462111575
SITRO-AIS 9 (SHCHUKIN)
1 57201U 23091AM  25185.65461253  .00010418  00000+0  42356-3 0  9999
2 57201  97.5575 245.5754 0008435 216.1087 143.9582 15.24704572111576
UTMN 2 (RS27S)
1 57203U 23091AP  25185.62197377  .00007760  00000+0  34125-3 0  9992
2 57203  97.5588 244.6331 0009231 215.0497 145.0132 15.22130314111503
SITRO-AIS 12 (SMIRENNIY)
1 57204U 23091AQ  25185.63338177  .00010168  00000+0  41101-3 0  9997
2 57204  97.5586 245.8470 0008461 209.1401 150.9365 15.24908054111589
ARCCUBE 1 (RS25S)
1 57205U 23091AR  25185.62870881  .00044748  00000+0  86961-3 0  9994
2 57205  97.5450 252.2912 0006024 189.9709 170.1422 15.47472311112049
SITRO-AIS 11 (SHEFFER)
1 57208U 23091AU  25185.64859522  .00010956  00000+0  43981-3 0  9997
2 57208  97.5583 245.9581 0008334 209.3763 150.7007 15.25118147111595
KUZGTU 1 (RS47S)
1 57217U 23091AV  25185.69073428  .00007586  00000+0  34970-3 0  9998
2 57217  97.5575 243.0450 0012334 232.0576 127.9545 15.20490895111412
VERONIKA
1 58261U 23174F   25185.50647922  .00195230  00000+0  11393-2 0  9993
2 58261  97.4090 273.3133 0004836 256.0157 104.0571 15.77842257 92605
ROBUSTA-1E (ENSO)
1 58470U 23185J   25185.63646024  .00050939  00000+0  67173-3 0  9997
2 58470  97.3723 261.6021 0004911 353.6625   6.4568 15.58247058 88932
EIRSAT-1
1 58472U 23185L   25184.86598621  .00122670  00000-0  91355-3 0  9994
2 58472  97.3655 263.1715 0002119 324.2738  35.8384 15.72413285 88971
SITRO-AIS 25
1 59066U 24039R   25185.65502335  .00004036  00000+0  33933-3 0  9990
2 59066  95.3766 357.0707 0157324  99.7724 262.1305 14.89350454 72925
SITRO-AIS 26
1 59067U 24039S   25185.61620342  .00004625  00000+0  38979-3 0  9995
2 59067  95.3766 357.0004 0157540 100.1686 261.7348 14.89201745 72919
SITRO-AIS 27
1 59068U 24039T   25185.67293988  .00004334  00000+0  36305-3 0  9992
2 59068  95.3766 357.1718 0156782  99.2835 262.6156 14.89528218 72930
SITRO-AIS 28
1 59071U 24039U   25185.65930821  .00004021  00000+0  33677-3 0  9990
2 59071  95.3768 357.1905 0156629  99.2349 262.6627 14.89569249 72936
SONATE-2
1 59112U 24043Q   25184.85772238  .00013163  00000+0  37202-3 0  9993
2 59112  97.5159 316.5378 0011211  34.7054 325.4919 15.36412360 74069
MESAT1
1 60209U 24125G   25185.58269524  .00015884  00000+0  44020-3 0  9991
2 60209  97.2776  36.9302 0019543  51.9513 308.3491 15.36840170 55795
GRBBETA
1 60237U 24128C   25185.62226218  .00003410  00000+0  26132-3 0  9999
2 60237  61.9927 352.2309 0053724  63.0891 297.5675 15.02815436 53965
OOV-CUBE (TUBSAT-30)
1 60240U 24128F   25185.58936471  .00002093  00000+0  17734-3 0  9991
2 60240  61.9971 355.4921 0053940  60.0610 300.5820 15.00373828 53913
Curium One
1 60242U 24128H   25184.62011840  .00005982  00000-0  41637-3 0  9991
2 60242  61.9826 353.6590 0053544  59.1233 301.5109 15.05409229 53850
ROBUSTA-3A (MEDITERRAN*)
1 60243U 24128J   25185.62695193  .00005927  00000+0  41829-3 0  9993
2 60243  61.9897 351.0448 0052612  57.0241 303.5892 15.04947070 53990
CatSat
1 60246U 24125J   25185.53471947  .00008746  00000-0  28859-3 0  9993
2 60246  97.2577  35.8101 0042094   7.7831 352.4054 15.30784600 53803
COLIBRI-S (RS67S)
1 61746U 24199M   25185.67218249  .00010388  00000+0  32633-3 0  9998
2 61746  97.3544  54.1856 0013954  94.3789 265.9047 15.33092103 83932
HORS 3 (RS81S)
1 61753U 24199U   25185.64073078  .00013432  00000+0  40200-3 0  9994
2 61753  97.3512  54.2849 0012240 101.2996 258.9623 15.34587161 83940
HORS 4 (RS82S)
1 61754U 24199V   25185.63119281  .00014873  00000+0  43394-3 0  9998
2 61754  97.3509  54.4402 0012416 100.8344 259.4298 15.35365147 83955
HORIZON (RS59S)
1 61757U 24199Y   25185.62946695  .00021729  00000+0  56435-3 0  9995
2 61757  97.3530  55.1298 0012510  90.3775 269.8904 15.38898955 83993
SIT-2086
1 61764U 24199AF  25185.62765850  .00009650  00000+0  27362-3 0  9991
2 61764  97.3512  54.7600 0010401  94.8794 265.3638 15.36396366 80810
MORDOVIA-IOT (RS50S)
1 61765U 24199AG  25185.68210271  .00031888  00000+0  71778-3 0  9998
2 61765  97.3505  55.9416 0011611  86.4042 273.8533 15.43167389 80905
RUZAEVKA 390 (RS44S)
1 61766U 24199AH  25185.65366718  .00027185  00000+0  64396-3 0  9997
2 61766  97.3506  55.6726 0011737  86.4397 273.8193 15.41667049 80885
HYPERVIEW 1G (RS66S)
1 61772U 24199AP  25185.62853329  .00018276  00000+0  51593-3 0  9996
2 61772  97.3509  54.4445 0015339 102.7134 257.5826 15.36311759 80805
ALTAIR (RS65S)
1 61779U 24199AW  25185.66855232  .00006319  00000+0  22444-3 0  9990
2 61779  97.3534  53.2318 0017215 106.9061 253.4068 15.29240738 83879
ASRTU-1 (AO-123)
1 61781U 24199AY  25185.65340363  .00005665  00000+0  20526-3 0  9998
2 61781  97.3525  53.0816 0017518 107.4835 252.8322 15.28629672 80717
TUSUR GO (RS78S)
1 61782U 24199AZ  25185.65074429  .00022629  00000+0  61060-3 0  9993
2 61782  97.3502  54.5617 0015559 101.9894 258.3096 15.37668826 80819
ZIMSAT 2
1 61783U 24199BA  25184.87744449  .00031755  00000-0  73937-3 0  9990
2 61783  97.3482  54.5018 0015085 102.5889 257.7046 15.42106072 83892
SAMSAT-IONOSPHERE (RS7*)
1 61784U 24199BB  25185.62479548  .00014589  00000+0  44206-3 0  9992
2 61784  97.3516  54.0122 0016471 104.5312 255.7759 15.34114802 83929
RTU MIREA 1 (RS51S)
1 61785U 24199BC  25185.65439591  .00015695  00000+0  46818-3 0  9990
2 61785  97.3514  54.1215 0016172 102.9293 257.3758 15.34598595 80783
LASARSAT
1 62391U 24247Q   25185.25284527  .00012910  00000+0  49547-3 0  9990
2 62391  44.9817  25.4977 0008661 199.8770 160.1776 15.26482704 29831
CROCUBE
1 62394U 24247T   25185.57088856  .00013173  00000+0  50189-3 0  9991
2 62394  44.9766  23.6217 0009141 204.2909 155.7543 15.26704737 29883
HADES-R
1 62690U 25009CK  25185.20292489  .00032888  00000+0  11124-2 0  9995
2 62690  97.4088 265.9361 0002138  41.0608 319.0794 15.30549990 25911
HYDRA-T
1 62692U 25009CM  25184.20351287  .00028749  00000-0  96657-3 0  9995
2 62692  97.4085 264.9817 0001841  42.4682 317.6701 15.30774660 25761
JINJUSat 1B
1 63210U 25052A   25184.28133854  .00007818  00000-0  35496-3 0  9994
2 63210  97.4390  78.1078 0002764 216.3047 143.8002 15.21057502 16855
NUSHSAT 1
1 63211U 25052B   25184.27236615  .00008902  00000-0  40049-3 0  9998
2 63211  97.4383  78.1059 0002608 224.7848 135.3178 15.21329779 16854
TEVEL2-4
1 63213U 25052D   25184.61966544  .00009140  00000-0  41482-3 0  9996
2 63213  97.4298  78.2884 0001439 248.1986 111.9097 15.21023124 16903
TEVEL2-5
1 63214U 25052E   25184.22584168  .00008210  00000-0  37331-3 0  9997
2 63214  97.4301  77.8986 0001432 251.4860 108.6220 15.20992692 16846
TEVEL2-6
1 63215U 25052F   25184.62334517  .00009027  00000-0  41047-3 0  9999
2 63215  97.4299  78.2854 0001477 251.7235 108.3840 15.20960452 16901
TEVEL2-1
1 63217U 25052H   25184.63788493  .00009406  00000-0  43034-3 0  9997
2 63217  97.4275  78.2308 0001648 284.0790  76.0262 15.20738539 16904
TEVEL2-2
1 63218U 25052J   25184.63817245  .00009463  00000-0  43290-3 0  9993
2 63218  97.4276  78.2317 0001694 285.1526  74.9522 15.20740133 16905
TEVEL2-3
1 63219U 25052K   25184.63838424  .00009435  00000-0  43168-3 0  9999
2 63219  97.4276  78.2309 0001676 285.7731  74.3320 15.20733647 16903
TEVEL2-8
1 63237U 25052AD  25184.65710791  .00009223  00000-0  43707-3 0  9991
2 63237  97.4338  78.1452 0006271 297.3574  62.7022 15.19514858 16897
TEVEL2-9
1 63238U 25052AE  25184.46286335  .00008317  00000-0  39527-3 0  9991
2 63238  97.4337  77.9488 0006359 298.0859  61.9732 15.19445160 16869
TEVEL2-7
1 63239U 25052AF  25184.66292050  .00008853  00000-0  42086-3 0  9994
2 63239  97.4337  78.1386 0006382 297.7678  62.2909 15.19416344 16896
HYDRA-W
1 63490U 25052BL  25184.18669944  .00020675  00000-0  84838-3 0  9997
2 63490  97.4287  78.0887 0009391 292.9403  67.0843 15.24220442 16854
HADES-ICM
1 63492U 25052BN  25184.66837111  .00020352  00000+0  84675-3 0  9995
2 63492  97.4291  78.5224 0009701 295.1427  64.8804 15.23754304 16925
STARLINK-34329
1 64256U 25120A   25185.31477856  .00028068  00000+0  70882-3 0  9996
2 64256  53.1578 195.0003 0000898  84.5036 275.6071 15.39632146  5837
STARLINK-34352
1 64257U 25120B   25185.58335648  .00008311  00000+0  21775-3 0  9994
2 64257  53.1600 193.3776 0001442  77.4449 152.3835 15.39588705  5972
STARLINK-34308
1 64258U 25120C   25185.29620356  .00026119  00000+0  66042-3 0  9998
2 64258  53.1600 194.8836 0001420  73.8033 286.3128 15.39633958  5773
STARLINK-34306
1 64259U 25120D   25185.58335648  .00024693  00000+0  62601-3 0  9990
2 64259  53.1585 193.1731 0001339  62.6869 270.1763 15.39585276  5915
STARLINK-34281
1 64260U 25120E   25185.58335648  .00019955  00000+0  50723-3 0  9999
2 64260  53.1592 193.2747 0000795 105.1693 176.0500 15.39638850  5972
STARLINK-34297
1 64261U 25120F   25185.30549130  .00029771  00000+0  75112-3 0  9999
2 64261  53.1599 194.9421 0000761  57.5568 302.5511 15.39629361  5729
STARLINK-34325
1 64262U 25120G   25185.58335648 -.02900229  00000+0 -75258-1 0  9996
2 64262  53.1591 193.1244 0000725  72.5555 284.2512 15.42148384  5978
STARLINK-34276
1 64263U 25120H   25185.58335648  .00011419  00000+0  29510-3 0  9999
2 64263  53.1600 193.4804 0001123  71.3416 106.9960 15.39612851  5979
STARLINK-34333
1 64264U 25120J   25185.43067608  .00045072  00000+0  11298-2 0  9997
2 64264  53.1608 194.3029 0001343  78.2147 281.9008 15.39628565  5794
STARLINK-34240
1 64265U 25120K   25185.41674654  .00035485  00000+0  89284-3 0  9999
2 64265  53.1606 194.2109 0001047  82.4307 277.6817 15.39624824  5847
STARLINK-34315
1 64266U 25120L   25185.58335648  .00004619  00000+0  12537-3 0  9997
2 64266  53.1598 193.3238 0001256  65.5886 189.9407 15.39626144  5912
STARLINK-34321
1 64267U 25120M   25185.58335648  .00004341  00000+0  11840-3 0  9996
2 64267  53.1589 193.2230 0000875  55.6613 251.3657 15.39630091  5971
STARLINK-34319
1 64268U 25120N   25185.66668981 -.01857601  00000+0 -46612-1 0  9996
2 64268  53.1588 192.6829 0001208  78.2251  43.7915 15.42709347  5883
STARLINK-34298
1 64269U 25120P   25185.31013456  .00031347  00000+0  79009-3 0  9996
2 64269  53.1585 194.9680 0001105  89.1436 270.9696 15.39633738  5722
STARLINK-34219
1 64270U 25120Q   25185.58335648  .00024072  00000+0  61101-3 0  9998
2 64270  53.1586 193.1218 0001558  77.9301 278.8166 15.39562995  5973
STARLINK-34342
1 64271U 25120R   25185.43101419  .00047826  00000+0  11975-2 0  9995
2 64271  53.1607 194.3016 0001398  81.1257 278.9906 15.39636211  5792
STARLINK-34001
1 64272U 25120S   25185.30582282  .00010983  00000+0  28410-3 0  9990
2 64272  53.1601 194.9422 0001377  82.7277 277.3884 15.39626802  5726
STARLINK-34334
1 64273U 25120T   25185.41708259  .00044306  00000+0  11113-2 0  9994
2 64273  53.1599 194.2124 0001260  93.1890 266.9259 15.39617420  5842
STARLINK-34272
1 64274U 25120U   25185.29654798  .00035198  00000+0  88525-3 0  9990
2 64274  53.1601 194.8821 0001061  71.6735 288.4385 15.39641062  5720
STARLINK-34293
1 64275U 25120V   25185.34752299  .00038907  00000+0  97741-3 0  9993
2 64275  53.1604 194.4884 0001097  84.1668 275.9462 15.39629328  5775
STARLINK-34350
1 64276U 25120W   25185.58335648  .00005245  00000+0  14098-3 0  9998
2 64276  53.1590 193.2241 0001305  88.2471 216.9536 15.39626126  5975
STARLINK-34264
1 64277U 25120X   25185.58335648  .00003949  00000+0  10866-3 0  9997
2 64277  53.1599 193.3255 0000902  80.1203 173.6145 15.39616548  5913
STARLINK-34353
1 64278U 25120Y   25184.31817627  .00024284  00000+0  61504-3 0  9990
2 64278  53.1601 199.4395 0000840  78.1599 281.9500 15.39625678  5671
STARLINK-34377
1 64279U 25120Z   25185.66668981 -.01853537  00000+0 -46362-1 0  9994
2 64279  53.1591 192.6335 0001369  79.1897  66.4435 15.42794931  5887
STARLINK-34359
1 64280U 25120AA  25185.66668981 -.00001904  00000+0 -37659-4 0  9990
2 64280  53.1591 192.6761 0001116  85.0976  39.5776 15.39591995  5886
STARLINK-34366
1 64281U 25120AB  25185.58335648  .00004728  00000+0  12810-3 0  9999
2 64281  53.1596 193.2742 0001294  83.5961 195.8737 15.39620261  5929
STARLINK-34381
1 64282U 25120AC  25185.58335648  .00007146  00000+0  18846-3 0  9992
2 64282  53.1586 193.1715 0001250  83.8019 247.1804 15.39618868  5923
HULIANWANG DIGUI-30
1 64283U 25121A   25185.60763081  .00000004  00000+0 -15731-4 0  9991
2 64283  86.5007 132.2048 0011525 136.9737 223.2323 13.65280775  3937
HULIANWANG DIGUI-31
1 64284U 25121B   25185.60030025  .00000000  00000+0 -19697-4 0  9998
2 64284  86.5025 132.2085 0011018 134.7749 225.4306 13.65280430  3938
HULIANWANG DIGUI-32
1 64285U 25121C   25185.59296734  .00000016  00000+0 -11067-5 0  9999
2 64285  86.4966 132.1815 0010806 133.2334 226.9727 13.65281786  3938
HULIANWANG DIGUI-33
1 64286U 25121D   25185.58563747  .00000019  00000+0  28036-5 0  9996
2 64286  86.5024 132.2010 0010165 129.4735 230.7323 13.65280840  3938
HULIANWANG DIGUI-34
1 64287U 25121E   25185.58360545 -.00000007  00000+0 -29361-4 0  9998
2 64287  86.5004 132.1919 0009889 125.0397 235.1689 13.65280541  3933
CZ-6A R/B
1 64288U 25121F   25185.40904787  .00000014  00000+0 -29154-5 0  9990
2 64288  86.5098 131.8266 0103367  28.5530 332.1250 13.94024683  3982
SXM-10
1 64290U 25122A   25185.04180698  .00000023  00000+0  00000+0 0  9993
2 64290   0.0642 287.0642 0001927 189.2477  60.5681  1.00272982   198
STARLINK-34448
1 64291U 25123A   25185.58335648  .00065171  00000+0  14813-2 0  9996
2 64291  69.9999 114.7745 0003296 272.1157 187.6381 15.42666618  5283
STARLINK-34362
1 64292U 25123B   25185.66668981 -.01272607  00000+0 -31103-1 0  9992
2 64292  69.9995 114.4457 0003121 266.8610  24.9939 15.43663492  5345
STARLINK-34428
1 64293U 25123C   25185.15690016  .00048022  00000+0  77806-3 0  9992
2 64293  69.9998 115.8020 0003409 269.8021  90.2775 15.52537922  5249
STARLINK-34388
1 64294U 25123D   25185.15621341  .00043401  00000+0  70331-3 0  9990
2 64294  69.9997 115.7995 0003379 269.2513  90.8287 15.52559312  5246
STARLINK-34424
1 64295U 25123E   25185.66668981  .00123525  00000+0  21436-2 0  9995
2 64295  69.9992 114.4318 0003802 264.5811  40.5595 15.50277666  5349
STARLINK-34443
1 64296U 25123F   25185.58335648 -.01513272  00000+0 -31887-1 0  9993
2 64296  69.9992 114.6322 0002961 277.8831 302.5010 15.47997746  5393
STARLINK-34369
1 64297U 25123G   25185.15518580  .00079002  00000+0  12728-2 0  9994
2 64297  69.9997 115.7951 0003357 268.8765  91.2037 15.52548194  4020
STARLINK-34391
1 64298U 25123H   25185.15484306  .00072490  00000+0  11691-2 0  9995
2 64298  69.9996 115.7938 0003408 268.4683  91.6113 15.52547177  4026
STARLINK-34378
1 64299U 25123J   25185.58335648  .00064978  00000+0  14771-2 0  9991
2 64299  69.9998 114.7490 0003495 266.5225 215.2395 15.42663040  5392
STARLINK-34376
1 64300U 25123K   25185.58335648  .00063337  00000+0  14399-2 0  9998
2 64300  69.9999 114.6970 0003225 265.3303 261.3984 15.42669861  5396
STARLINK-34372
1 64301U 25123L   25185.58335648 -.01843345  00000+0 -43364-1 0  9990
2 64301  70.0000 114.6438 0003487 261.9583 307.6138 15.44919428  5398
STARLINK-34379
1 64302U 25123M   25185.58335648 -.01584196  00000+0 -32285-1 0  9997
2 64302  69.9998 114.6157 0003164 273.4876 322.6229 15.49082689  5286
STARLINK-34356
1 64303U 25123N   25185.15312634  .00049079  00000+0  79435-3 0  9994
2 64303  69.9997 115.7878 0003603 268.7260  91.3514 15.52560566  4027
STARLINK-34360
1 64304U 25123P   25185.15278405  .00054395  00000+0  88005-3 0  9992
2 64304  69.9999 115.7860 0003439 267.7329  92.3464 15.52544022  4027
STARLINK-34383
1 64305U 25123Q   25185.15244102  .00051963  00000+0  84113-3 0  9994
2 64305  69.9999 115.7844 0003371 266.7615  93.3186 15.52542755  4025
STARLINK-34355
1 64306U 25123R   25185.15209776  .00074004  00000+0  11930-2 0  9990
2 64306  69.9998 115.7826 0003549 270.4824  89.5956 15.52552127  4022
STARLINK-34380
1 64307U 25123S   25185.15175517  .00082759  00000+0  13323-2 0  9990
2 64307  69.9997 115.7814 0003608 269.7800  90.2973 15.52553097  4025
STARLINK-34374
1 64308U 25123T   25185.15141110  .00051010  00000+0  82575-3 0  9995
2 64308  69.9999 115.7804 0003499 268.6789  91.3997 15.52545417  4024
STARLINK-34370
1 64309U 25123U   25185.21549930  .00033166  00000+0  53896-3 0  9991
2 64309  69.9997 115.6026 0003284 270.2555  89.8256 15.52551042  4032
STARLINK-34357
1 64310U 25123V   25185.58335648  .00065732  00000+0  14935-2 0  9996
2 64310  69.9998 114.7085 0002907 267.0401 248.6849 15.42675596  5286
STARLINK-34368
1 64311U 25123W   25185.66668981 -.01480193  00000+0 -32787-1 0  9994
2 64311  69.9993 114.3955 0003469 266.8773  64.9922 15.46494359  3938
STARLINK-34384
1 64312U 25123X   25185.66668981  .00105448  00000+0  23834-2 0  9993
2 64312  69.9998 114.4310 0003251 266.9909  36.4245 15.42651910  3926
STARLINK-34358
1 64313U 25123Y   25185.66668981 -.00421332  00000+0 -10065-1 0  9990
2 64313  69.9995 114.4043 0003288 273.3812  52.8976 15.42962797  3912
STARLINK-34354
1 64314U 25123Z   25185.58335648 -.01521555  00000+0 -34823-1 0  9990
2 64314  69.9990 114.6061 0002936 275.0609 326.2426 15.45635049  5394
STARLINK-34387
1 64315U 25123AA  25185.58335648 -.01525486  00000+0 -32441-1 0  9992
2 64315  69.9990 114.5894 0002835 272.9167 342.7465 15.47760197  5392
STARLINK-33590
1 64316U 25123AB  25185.53583507 -.00084553  00000+0 -14846-2 0  9991
2 64316  69.9998 114.7128 0005000 256.6812 103.3817 15.50590430  3863
STARLINK-11736 [DTC]
1 64317U 25124A   25185.12827149  .00186229  00000+0  10466-2 0  9996
2 64317  43.0001  88.2343 0002585 258.6613 101.3967 15.77922488  3733
STARLINK-11673 [DTC]
1 64318U 25124B   25184.99679268  .00229153  00000+0  12794-2 0  9998
2 64318  43.0002  88.9652 0002058 249.2029 110.8620 15.77945813  3713
STARLINK-11671 [DTC]
1 64319U 25124C   25184.99191664  .00208817  00000+0  11699-2 0  9995
2 64319  43.0004  88.9249 0001845 256.4673 103.5992 15.77927202  3719
STARLINK-11594 [DTC]
1 64320U 25124D   25185.11363542  .00248941  00000+0  13864-2 0  9996
2 64320  42.9996  88.1141 0001728 267.2861  92.7812 15.77945947  3739
STARLINK-11596 [DTC]
1 64321U 25124E   25185.10875566  .00241093  00000+0  13444-2 0  9995
2 64321  42.9997  88.0755 0001995 267.7542  92.3100 15.77939544  3730
STARLINK-11747 [DTC]
1 64322U 25124F   25185.10387855  .00227359  00000+0  12714-2 0  9993
2 64322  42.9999  88.0361 0002336 251.6580 108.4036 15.77915028  3738
STARLINK-11728 [DTC]
1 64323U 25124G   25184.97239820  .00211960  00000+0  11867-2 0  9995
2 64323  42.9995  88.7683 0001732 276.6200  83.4473 15.77933455  3713
STARLINK-11696 [DTC]
1 64324U 25124H   25185.09411945  .00145884  00000+0  82544-3 0  9992
2 64324  42.9996  87.9564 0001610 281.1216  78.9473 15.77895443  3732
STARLINK-11698 [DTC]
1 64325U 25124J   25185.08923973  .00250448  00000+0  13949-2 0  9996
2 64325  43.0000  87.9181 0001550 286.6682  73.4018 15.77939991  3738
STARLINK-11678 [DTC]
1 64326U 25124K   25185.58335648 -.00835682  00000+0 -65337-2 0  9997
2 64326  43.0006  84.8923 0001597 267.6266  28.7057 15.73083615  4773
STARLINK-11674 [DTC]
1 64327U 25124L   25185.58335648 -.00058124  00000+0 -33322-3 0  9996
2 64327  43.0011  84.7692 0001689 262.2331  83.5110 15.77868183  4941
STARLINK-11707 [DTC]
1 64328U 25124M   25185.58335648 -.00841602  00000+0 -58809-2 0  9994
2 64328  43.0009  84.7112 0001899 265.3965 103.5502 15.75662315  4941
STARLINK-11734 [DTC]
1 64329U 25124N   25185.58335648  .00065800  00000+0  37868-3 0  9994
2 64329  43.0013  84.6308 0001959 256.7966 144.4475 15.77818955  4853
STARLINK-34252
1 64330U 25124P   25185.58335648  .00050988  00000+0  12214-2 0  9994
2 64330  43.0006  87.3429 0001673 260.8236 123.4325 15.40657878  4957
STARLINK-34050
1 64331U 25124Q   25184.98720133  .00040410  00000+0  69098-3 0  9997
2 64331  43.0001  90.6655 0001830 267.5887  92.4764 15.50582365  4751
STARLINK-33782
1 64332U 25124R   25185.58335648  .00069520  00000+0  11828-2 0  9998
2 64332  43.0004  87.1738 0001578 261.7870 191.9988 15.50519864  4853
STARLINK-34207
1 64333U 25124S   25185.66668981 -.01563571  00000+0 -33699-1 0  9994
2 64333  43.0001  86.7000 0000912 277.2928 277.2111 15.46878735  4817
STARLINK-34260
1 64334U 25124T   25185.11500280  .00070071  00000+0  11890-2 0  9997
2 64334  43.0002  89.9031 0001412 272.7181  87.3518 15.50591994  3718
STARLINK-33855
1 64335U 25124U   25184.98582931  .00054288  00000+0  92474-3 0  9995
2 64335  43.0003  90.6538 0001745 271.6315  88.4345 15.50580225  3699
STARLINK-34223
1 64336U 25124V   25185.11328686  .00059725  00000+0  10156-2 0  9994
2 64336  43.0000  89.8893 0001434 272.2060  87.8636 15.50593230  3719
STARLINK-34216
1 64337U 25124W   25184.98514294  .00032371  00000+0  55494-3 0  9994
2 64337  42.9995  90.6486 0001650 266.5833  93.4838 15.50598151  3694
STARLINK-34218
1 64338U 25124X   25185.66668981 -.01825419  00000+0 -45308-1 0  9991
2 64338  43.0004  86.7476 0001511 259.4025 275.4407 15.42751287  5028
STARLINK-34017
1 64339U 25124Y   25185.11363018  .00048068  00000+0  82011-3 0  9993
2 64339  43.0002  89.8918 0001801 267.6479  92.4175 15.50579546  3716
QPS-SAR-11 (YAMATSUMI-I)
1 64340U 25125A   25185.61906579  .00003948  00000+0  35065-3 0  9991
2 64340  42.0097 301.7840 0006501  56.1557 303.9886 14.97223468  3449
ELECTRON KICK STAGE R/B
1 64341U 25125B   25185.44394051  .00166505  14165-4  11933-2 0  9997
2 64341  42.0081 292.4720 0196980  68.8029 293.3737 15.51326311  3530
ELECTRON R/B
1 64342U 25125C   25185.60339624  .00657767  14689-3  13416-2 0  9994
2 64342  42.0177 288.3854 0189387  38.6124 322.8101 15.74026498  3589
STARLINK-33977
1 64344U 25126A   25185.58335648 -.01419998  00000+0 -21855-1 0  9994
2 64344  69.9998 304.6963 0003479 271.7430   0.6778 15.56958340  4649
STARLINK-34426
1 64345U 25126B   25185.58335648 -.01416246  00000+0 -21794-1 0  9990
2 64345  69.9997 304.6942 0003180 265.9568   8.3807 15.56957845  4649
STARLINK-34437
1 64346U 25126C   25185.58335648 -.01423576  00000+0 -21914-1 0  9999
2 64346  69.9998 304.6919 0003322 266.0723  10.1783 15.56962894  4642
STARLINK-34407
1 64347U 25126D   25185.58335648 -.01428913  00000+0 -22007-1 0  9994
2 64347  70.0000 304.6898 0003189 266.4474  11.7229 15.56962478  4644
STARLINK-34274
1 64348U 25126E   25185.58335648 -.01425067  00000+0 -21942-1 0  9999
2 64348  69.9998 304.6877 0003227 264.2575  15.8287 15.56960969  4648
STARLINK-34301
1 64349U 25126F   25185.58335648 -.01425018  00000+0 -21941-1 0  9995
2 64349  69.9997 304.6851 0003200 263.6033  18.3982 15.56961462  4642
STARLINK-34425
1 64350U 25126G   25185.58335648 -.01422900  00000+0 -21905-1 0  9994
2 64350  69.9995 304.6827 0003181 264.6192  19.2987 15.56961346  4646
STARLINK-34389
1 64351U 25126H   25185.58335648 -.01417164  00000+0 -21809-1 0  9994
2 64351  69.9997 304.6802 0003204 265.2557  20.5806 15.56958427  4641
STARLINK-34385
1 64352U 25126J   25185.58335648 -.01422233  00000+0 -21894-1 0  9992
2 64352  69.9998 304.6738 0003326 265.1130  26.4743 15.56959186  4640
STARLINK-34431
1 64353U 25126K   25185.58335648 -.01427437  00000+0 -21981-1 0  9991
2 64353  69.9992 304.6778 0003256 264.7146  23.0370 15.56962575  4648
STARLINK-34473
1 64354U 25126L   25185.58335648 -.01417364  00000+0 -21810-1 0  9991
2 64354  69.9993 304.6756 0003499 269.1180  20.5514 15.56958024  4648
STARLINK-34270
1 64355U 25126M   25185.58335648 -.01404867  00000+0 -21601-1 0  9994
2 64355  69.9999 304.6705 0003295 264.9718  28.5300 15.56954737  4641
STARLINK-34397
1 64356U 25126N   25185.58335648 -.01405662  00000+0 -21615-1 0  9994
2 64356  70.0001 304.6685 0003231 264.7835  30.6345 15.56954926  4647
STARLINK-34454
1 64357U 25126P   25185.58335648 -.01437456  00000+0 -22149-1 0  9994
2 64357  69.9996 304.6677 0003273 266.8562  30.4762 15.56966972  4640
STARLINK-34436
1 64358U 25126Q   25185.58335648 -.01425858  00000+0 -21954-1 0  9991
2 64358  69.9997 304.6638 0003242 264.3954  34.8537 15.56962674  4646
STARLINK-34291
1 64359U 25126R   25185.58335648 -.01432581  00000+0 -22066-1 0  9998
2 64359  69.9999 304.6612 0003361 269.2769  31.8887 15.56965224  4640
STARLINK-34458
1 64360U 25126S   25185.58335648 -.01421736  00000+0 -21882-1 0  9995
2 64360  69.9994 304.6588 0003562 269.9603  33.1228 15.56960708  4642
STARLINK-34243
1 64361U 25126T   25185.58335648 -.01448698  00000+0 -22337-1 0  9998
2 64361  69.9993 304.6552 0003394 269.1328  37.7811 15.56971627  4642
STARLINK-34335
1 64362U 25126U   25185.58335648 -.01416318  00000+0 -21793-1 0  9998
2 64362  69.9996 304.6563 0003523 264.9737  40.0294 15.56956645  4644
STARLINK-34408
1 64363U 25126V   25185.58335648 -.01415834  00000+0 -21784-1 0  9991
2 64363  69.9996 304.6513 0003470 263.5583  45.2755 15.56958156  4643
STARLINK-34476
1 64364U 25126W   25185.58335648 -.01422542  00000+0 -21898-1 0  9992
2 64364  69.9994 304.6494 0003279 264.2249  46.5243 15.56961292  4645
STARLINK-34479
1 64365U 25126X   25185.58335648 -.01447775  00000+0 -22321-1 0  9990
2 64365  69.9992 304.6486 0003499 265.6924  46.9725 15.56970560  4641
STARLINK-34484
1 64366U 25126Y   25185.58335648 -.01403597  00000+0 -21580-1 0  9991
2 64366  69.9990 304.6423 0003386 263.6452  52.8560 15.56952839  4642
STARLINK-34483
1 64367U 25126Z   25185.58335648 -.01422979  00000+0 -21906-1 0  9999
2 64367  69.9996 304.6377 0003280 264.2135  56.1186 15.56960662  4649
STARLINK-34457
1 64368U 25126AA  25185.58335648 -.01411455  00000+0 -21711-1 0  9991
2 64368  69.9999 304.6453 0003329 265.1727  49.4106 15.56957483  4643
STARLINK-34444
1 64369U 25126AB  25185.58335648 -.01421552  00000+0 -21880-1 0  9998
2 64369  69.9991 304.6410 0003380 267.8381  50.5776 15.56961418  4640
STARLINK-11732 [DTC]
1 64370U 25127A   25185.35968654  .00238363  00000+0  13286-2 0  9990
2 64370  42.9991 144.3409 0001719 267.6622  92.4051 15.77957155  4412
STARLINK-11731 [DTC]
1 64371U 25127B   25185.35480710  .00233764  00000+0  13039-2 0  9999
2 64371  42.9997 144.3024 0001771 267.4888  92.5779 15.77954193  4419
STARLINK-11746 [DTC]
1 64372U 25127C   25185.34992256  .00189013  00000+0  10604-2 0  9994
2 64372  43.0001 144.2634 0001696 268.8836  91.1840 15.77954551  4410
STARLINK-11748 [DTC]
1 64373U 25127D   25185.34017138  .00253214  00000+0  14098-2 0  9998
2 64373  42.9998 144.1832 0001497 275.2127  84.8572 15.77940241  4419
STARLINK-11739 [DTC]
1 64374U 25127E   25185.34504907  .00217297  00000+0  12157-2 0  9999
2 64374  42.9999 144.2231 0001735 275.6362  84.4311 15.77934224  4416
STARLINK-11738 [DTC]
1 64375U 25127F   25185.33529025  .00289764  00000+0  16040-2 0  9990
2 64375  42.9994 144.1436 0001659 260.4626  99.6057 15.77966939  4411
STARLINK-11745 [DTC]
1 64376U 25127G   25185.58335648 -.00096671  00000+0 -55809-3 0  9996
2 64376  43.0001 142.5628 0001606 267.5230  91.0963 15.77890017  4414
STARLINK-11742 [DTC]
1 64377U 25127H   25185.66668981 -.00033844  00000+0 -19239-3 0  9995
2 64377  43.0002 141.9865 0001951 266.5649 233.7645 15.77853988  4416
STARLINK-11711 [DTC]
1 64378U 25127J   25185.58335648  .00017778  00000+0  10483-3 0  9996
2 64378  43.0009 142.4248 0001047 279.2725 134.8424 15.77852042  4581
STARLINK-11743 [DTC]
1 64379U 25127K   25185.58335648 -.01008151  00000+0 -60876-2 0  9995
2 64379  43.0015 142.3595 0001481 278.3630 161.6758 15.79349036  4416
STARLINK-11744 [DTC]
1 64380U 25127L   25184.24117029 -.00103847  00000+0 -44065-3 0  9990
2 64380  43.0017 150.5518 0001614 333.5528  26.5262 15.84528372  4242
STARLINK-11692 [DTC]
1 64381U 25127M   25185.31193856 -.00367305  00000+0 -16288-2 0  9998
2 64381  43.0013 143.9541 0002324 254.9107 105.1508 15.84307452  4521
STARLINK-11740 [DTC]
1 64382U 25127N   25185.31133327  .00251011  00000+0  10148-2 0  9999
2 64382  43.0014 143.9491 0001306 289.0904  70.9827 15.84848090  4419
STARLINK-34299
1 64383U 25127P   25185.66668981 -.01615862  00000+0 -25203-1 0  9995
2 64383  42.9999 143.0310 0001771 278.5025 160.7385 15.55917290  4463
STARLINK-34271
1 64384U 25127Q   25185.58335648 -.01600881  00000+0 -24677-1 0  9997
2 64384  42.9999 143.5190 0001501 275.6753  58.1040 15.56207116  4527
STARLINK-34100
1 64385U 25127R   25185.66668981 -.01619831  00000+0 -25271-1 0  9992
2 64385  42.9999 143.0214 0001590 274.4184 168.6569 15.55919671  4464
STARLINK-34269
1 64386U 25127S   25185.58335648 -.01604052  00000+0 -24727-1 0  9999
2 64386  42.9997 143.5089 0001692 280.9525  56.6589 15.56209934  4522
STARLINK-34351
1 64387U 25127T   25185.58335648 -.01608895  00000+0 -24808-1 0  9999
2 64387  42.9998 143.5039 0001719 280.2255  59.3041 15.56211620  4520
STARLINK-34198
1 64388U 25127U   25185.58335648 -.01611743  00000+0 -24850-1 0  9993
2 64388  42.9998 143.4979 0001883 271.8510  69.5912 15.56217303  4529
STARLINK-34279
1 64389U 25127V   25185.58335648 -.01606995  00000+0 -24774-1 0  9992
2 64389  42.9998 143.4936 0001857 272.7456  70.6174 15.56211998  4520
STARLINK-34292
1 64390U 25127W   25185.66668981 -.01613787  00000+0 -25167-1 0  9996
2 64390  42.9998 142.9971 0001756 281.8214 170.8378 15.55917533  4511
STARLINK-34278
1 64391U 25127X   25185.66668981 -.01630218  00000+0 -25448-1 0  9997
2 64391  43.0001 142.9875 0001637 279.7430 176.7509 15.55922394  4507
STARLINK-33802
1 64392U 25127Y   25185.58335648 -.01611708  00000+0 -24854-1 0  9993
2 64392  43.0002 143.4843 0001669 271.0671  76.1304 15.56214327  4571
ZHANGHENG 1-02 (CSES-2)
1 64393U 25128A   25185.42479000 -.00000055  00000+0  53910-6 0  9994
2 64393  97.3183 316.1863 0009976 234.0722 125.9589 15.20666750  3063
STARLINK-34419
1 64412U 25129A   25185.66668981 -.01570757  00000+0 -24609-1 0  9992
2 64412  69.9993 345.8090 0003502 274.3914 176.7088 15.56804496  3988
STARLINK-34275
1 64413U 25129B   25185.66668981 -.01586385  00000+0 -24879-1 0  9996
2 64413  69.9997 345.8064 0003465 274.6888 178.3252 15.56811735  3980
STARLINK-34225
1 64414U 25129C   25185.66668981 -.01624022  00000+0 -22050-1 0  9997
2 64414  69.9992 345.7600 0003366 276.2202 216.9502 15.60679235  3988
STARLINK-34422
1 64415U 25129D   25185.66668981 -.01594082  00000+0 -25014-1 0  9993
2 64415  69.9994 345.8018 0003426 276.5992 180.2487 15.56813652  3872
STARLINK-34514
1 64416U 25129E   25185.66668981 -.01588742  00000+0 -24922-1 0  9997
2 64416  69.9996 345.7998 0003411 275.5548 183.2104 15.56811057  3989
STARLINK-34487
1 64417U 25129F   25185.66668981 -.01628113  00000+0 -25120-1 0  9996
2 64417  69.9993 345.7975 0003527 278.3943 182.2865 15.56816121  3878
STARLINK-34461
1 64418U 25129G   25185.58335648 -.01656212  00000+0 -25301-1 0  9991
2 64418  70.0000 346.0255 0003679 265.6965  89.9476 15.57129363  4000
STARLINK-34512
1 64419U 25129H   25185.66668981 -.01591201  00000+0 -24963-1 0  9999
2 64419  69.9991 345.7931 0003545 279.6892 184.8257 15.56812070  3824
STARLINK-34503
1 64420U 25129J   25185.66668981 -.01562873  00000+0 -24473-1 0  9990
2 64420  69.9993 345.7902 0003438 277.0330 189.3996 15.56801904  3820
STARLINK-34498
1 64421U 25129K   25185.58335648 -.01644816  00000+0 -25113-1 0  9993
2 64421  70.0000 346.0178 0003612 266.9809  94.4136 15.57124629  4000
STARLINK-34434
1 64422U 25129L   25185.58335648 -.01650761  00000+0 -25211-1 0  9999
2 64422  69.9994 346.0151 0003585 266.6401  96.6692 15.57127852  4007
STARLINK-34467
1 64423U 25129M   25185.58335648 -.01645486  00000+0 -25126-1 0  9993
2 64423  69.9997 346.0128 0003598 266.8751  98.3545 15.57123035  4004
STARLINK-34468
1 64424U 25129N   25185.66668981 -.01593147  00000+0 -24998-1 0  9994
2 64424  69.9993 345.7803 0003419 278.1118 195.9852 15.56813133  3987
STARLINK-34452
1 64425U 25129P   25185.66668981 -.01589304  00000+0 -24932-1 0  9993
2 64425  69.9990 345.7784 0003460 278.8214 197.1939 15.56810370  3983
STARLINK-34432
1 64426U 25129Q   25185.66668981 -.01587056  00000+0 -24894-1 0  9993
2 64426  69.9992 345.7758 0003353 277.7308 200.2000 15.56809794  3871
STARLINK-34480
1 64427U 25129R   25185.66668981 -.01583567  00000+0 -24833-1 0  9990
2 64427  69.9992 345.7732 0003426 278.7945 201.0539 15.56808066  3982
STARLINK-34495
1 64428U 25129S   25185.66668981 -.01587876  00000+0 -24906-1 0  9999
2 64428  69.9993 345.7710 0003418 279.1396 202.6228 15.56811681  3985
STARLINK-34501
1 64429U 25129T   25185.66668981 -.01585881  00000+0 -24873-1 0  9997
2 64429  69.9994 345.7690 0003328 279.7801 203.8992 15.56810320  3981
STARLINK-34441
1 64430U 25129U   25185.58335648 -.01647840  00000+0 -25161-1 0  9996
2 64430  69.9998 345.9965 0003848 269.8478 108.7954 15.57125278  4008
STARLINK-34524
1 64431U 25129V   25185.66668981 -.01589623  00000+0 -24939-1 0  9991
2 64431  69.9994 345.7644 0003291 279.3134 208.1994 15.56811066  3873
STARLINK-34506
1 64432U 25129W   25185.58335648 -.01642378  00000+0 -25075-1 0  9993
2 64432  69.9997 345.9922 0003662 270.9920 111.4868 15.57120537  3783
STARLINK-34451
1 64433U 25129X   25185.66668981 -.01590529  00000+0 -24956-1 0  9999
2 64433  69.9994 345.7529 0003245 278.3793 218.7167 15.56810613  3838
STARLINK-34472
1 64434U 25129Y   25185.66668981 -.01596012  00000+0 -25050-1 0  9999
2 64434  69.9990 345.7597 0003212 277.8885 213.4556 15.56814417  3986
STARLINK-34478
1 64435U 25129Z   25185.66668981 -.01593775  00000+0 -25011-1 0  9990
2 64435  69.9993 345.7578 0003374 276.4336 216.8299 15.56811693  3876
STARLINK-34396
1 64436U 25129AA  25185.66668981 -.01590121  00000+0 -22352-1 0  9998
2 64436  69.9992 345.4977 0003514 269.0430  85.3683 15.59705622  3946
STARLINK-34507
1 64437U 25129AB  25185.66668981 -.01626231  00000+0 -25091-1 0  9994
2 64437  69.9992 345.7558 0003333 276.4834 218.6944 15.56814910  3987
STARLINK-34465
1 64438U 25130A   25185.58335648 -.01547556  00000+0 -12920-1 0  9998
2 64438  53.1582 169.8891 0001033  72.4898 209.3110 15.72125891  3839
STARLINK-34456
1 64439U 25130B   25185.58335648 -.01551708  00000+0 -12957-1 0  9993
2 64439  53.1579 169.8851 0001072  75.4637 208.2523 15.72128775  3840
STARLINK-34410
1 64440U 25130C   25185.58335648 -.01535827  00000+0 -12816-1 0  9993
2 64440  53.1580 169.8811 0000929  64.9378 220.7031 15.72116871  3842
STARLINK-34453
1 64441U 25130D   25185.58335648 -.01538015  00000+0 -12835-1 0  9997
2 64441  53.1580 169.8770 0000973  69.2254 218.3308 15.72119042  3783
STARLINK-34404
1 64442U 25130E   25185.58335648 -.01536920  00000+0 -12826-1 0  9991
2 64442  53.1579 169.8727 0000965  68.3328 221.1431 15.72116900  3843
STARLINK-34403
1 64443U 25130F   25185.58335648 -.01540264  00000+0 -12855-1 0  9990
2 64443  53.1582 169.8531 0000958  73.3555 225.7009 15.72120979  3832
STARLINK-34399
1 64444U 25130G   25185.58335648 -.01547045  00000+0 -12915-1 0  9992
2 64444  53.1581 169.8492 0001137  70.1293 230.8400 15.72125310  3849
STARLINK-34398
1 64445U 25130H   25185.58335648 -.01545196  00000+0 -12899-1 0  9999
2 64445  53.1580 169.8693 0001030  60.0764 231.3086 15.72124016  3786
STARLINK-34402
1 64446U 25130J   25185.58335648 -.01551069  00000+0 -12951-1 0  9995
2 64446  53.1581 169.8647 0000828  60.8738 232.4236 15.72131120  3828
STARLINK-34450
1 64447U 25130K   25185.58335648 -.01539196  00000+0 -12847-1 0  9997
2 64447  53.1580 169.8609 0000836  66.9935 228.2320 15.72118516  3822
STARLINK-34433
1 64448U 25130L   25185.58335648 -.01548240  00000+0 -12926-1 0  9996
2 64448  53.1582 169.8566 0001089  73.5229 223.6119 15.72126075  3844
STARLINK-34459
1 64449U 25130M   25185.58335648 -.01549005  00000+0 -12933-1 0  9995
2 64449  53.1582 169.8452 0001044  74.6682 228.2175 15.72126774  3844
STARLINK-34361
1 64450U 25130N   25185.58335648 -.01543514  00000+0 -12884-1 0  9991
2 64450  53.1582 169.8410 0000924  73.2543 231.5507 15.72123733  3788
STARLINK-34392
1 64451U 25130P   25185.58335648 -.01547395  00000+0 -12919-1 0  9992
2 64451  53.1581 169.8368 0000944  75.4067 231.3144 15.72125819  3846
STARLINK-34367
1 64452U 25130Q   25185.58335648 -.01541495  00000+0 -12866-1 0  9999
2 64452  53.1580 169.8292 0000970  80.8320 229.7256 15.72121763  3831
STARLINK-34221
1 64453U 25130R   25185.58335648 -.01534073  00000+0 -12800-1 0  9992
2 64453  53.1581 169.8324 0000860  71.8178 236.8244 15.72116842  3847
STARLINK-34282
1 64454U 25130S   25185.58335648 -.01533840  00000+0 -12798-1 0  9990
2 64454  53.1583 169.8251 0000820  67.2540 245.2217 15.72116884  3689
STARLINK-34295
1 64455U 25130T   25185.58335648 -.01537738  00000+0 -12832-1 0  9990
2 64455  53.1581 169.8207 0001038  69.9362 244.4534 15.72119177  3830
STARLINK-34430
1 64456U 25130U   25185.58335648 -.01479316  00000+0 -12569-1 0  9995
2 64456  53.1583 169.8168 0001048  90.5035 225.8634 15.72068534  3820
STARLINK-34445
1 64457U 25130V   25185.58335648 -.01546148  00000+0 -12908-1 0  9991
2 64457  53.1580 169.8125 0001056  72.5814 245.6418 15.72123586  3835
STARLINK-34439
1 64458U 25130W   25185.58335648 -.01538311  00000+0 -12837-1 0  9996
2 64458  53.1582 169.8084 0000966  63.7148 256.4250 15.72120501  3820
STARLINK-34421
1 64459U 25130X   25185.58335648 -.01537294  00000+0 -12827-1 0  9995
2 64459  53.1582 169.8042 0001136  68.1124 253.9445 15.72119824  3822
STARLINK-34423
1 64460U 25130Y   25185.58335648 -.01538392  00000+0 -12852-1 0  9995
2 64460  53.1581 169.8006 0001362  77.2162 246.8056 15.72090786  3843
STARLINK-34418
1 64461U 25130Z   25185.58335648 -.01532864  00000+0 -12788-1 0  9992
2 64461  53.1581 169.7971 0000902  81.4376 244.4554 15.72117772  3827
STARLINK-34336
1 64462U 25130AA  25185.58054009  .00283081  00000+0  15155-2 0  9995
2 64462  53.1531 169.7056 0001040  84.2353 275.8787 15.78993625  2591
STARLINK-34400
1 64463U 25130AB  25185.58335648 -.01548912  00000+0 -12932-1 0  9996
2 64463  53.1581 169.7845 0000764  69.7610 261.8746 15.72129604  3839
STARLINK-34429
1 64464U 25130AC  25185.58335648 -.01538552  00000+0 -12839-1 0  9992
2 64464  53.1581 169.7886 0000998  65.7602 263.9642 15.72120651  3821
STARLINK-34449
1 64465U 25130AD  25185.58335648 -.01525906  00000+0 -12726-1 0  9997
2 64465  53.1581 169.7806 0000840  76.5733 256.9895 15.72113107  3836
COSMOS 2589
1 64467U 25131A   25185.77189714 -.00000323  00000+0  00000+0 0  9991
2 64467   1.0435 280.7201 3656520 173.8085 208.7145  1.00202408   140
BREEZE-M R/B
1 64468U 25131B   25173.80781051 -.00000145  00000+0  00000+0 0  9997
2 64468   1.4224 285.7735 3876101 171.5822 241.3112  1.04440359    39
BREEZE-M DEB [TANK]
1 64469U 25131C   25183.26884112  .00005898  00000+0  18305-2 0  9990
2 64469  61.1336 273.2343 6896761 178.2826 186.9562  2.76874140   288
CZ-3B R/B
1 64470U 25132A   25185.65505907 -.00000233  00000+0  00000+0 0  9999
2 64470   0.0830 261.0266 0001279  32.9905 316.9005  1.00270685   670
CHINASAT 9C
1 64471U 25132B   25183.80576583  .00029943 -35567-7  25298-2 0  9995
2 64471  27.7095  90.5328 7334511 187.1492 148.8870  2.24013737   293
STARLINK-34493
1 64472U 25133A   25185.58335648 -.01094344  00000+0 -66677-2 0  9990
2 64472  53.1551 200.8230 0000941  64.4524 144.5875 15.79184901  3045
STARLINK-34492
1 64473U 25133B   25185.58335648 -.01103836  00000+0 -67385-2 0  9995
2 64473  53.1549 200.8184 0001083  68.9640 142.3330 15.79162853  3041
STARLINK-34474
1 64474U 25133C   25185.58335648 -.01109557  00000+0 -67855-2 0  9994
2 64474  53.1550 200.8138 0001209  68.0299 145.5358 15.79135622  3021
STARLINK-34523
1 64475U 25133D   25185.58335648 -.01121387  00000+0 -68793-2 0  9992
2 64475  53.1549 200.8087 0001037  70.1288 145.8338 15.79095745  3026
STARLINK-34496
1 64476U 25133E   25185.58335648 -.01129097  00000+0 -69401-2 0  9996
2 64476  53.1548 200.8037 0001063  68.8349 149.3810 15.79070376  3041
STARLINK-34375
1 64477U 25133F   25185.58335648 -.01137786  00000+0 -70105-2 0  9994
2 64477  53.1548 200.7991 0001080  68.1950 152.3353 15.79036865  3041
STARLINK-34490
1 64478U 25133G   25185.58335648 -.01145594  00000+0 -70873-2 0  9993
2 64478  53.1549 200.7896 0000960  73.3430 151.7590 15.78967071  3041
STARLINK-34528
1 64479U 25133H   25185.58335648 -.01143327  00000+0 -70533-2 0  9999
2 64479  53.1548 200.7948 0000985  66.8465 155.8124 15.79023509  3027
STARLINK-34518
1 64480U 25133J   25185.58335648 -.01162984  00000+0 -72202-2 0  9996
2 64480  53.1548 200.7845 0000865  67.3528 160.1438 15.78930802  2880
STARLINK-34526
1 64481U 25133K   25185.58335648 -.01172466  00000+0 -72958-2 0  9991
2 64481  53.1550 200.7798 0001140  71.1414 158.6353 15.78899540  2932
STARLINK-34527
1 64482U 25133L   25185.58335648 -.01179087  00000+0 -73533-2 0  9998
2 64482  53.1549 200.7749 0001082  69.6984 162.3501 15.78866724  3044
STARLINK-34420
1 64483U 25133M   25185.58335648 -.01191338  00000+0 -74543-2 0  9994
2 64483  53.1548 200.7700 0000835  66.3581 168.0507 15.78824992  3043
STARLINK-34509
1 64484U 25133N   25185.58335648 -.01202890  00000+0 -75452-2 0  9991
2 64484  53.1549 200.7651 0000947  67.9347 168.7175 15.78796438  3042
STARLINK-34409
1 64485U 25133P   25185.58335648 -.01222550  00000+0 -76919-2 0  9996
2 64485  53.1547 200.7605 0000970  67.8699 171.0037 15.78775050  3046
STARLINK-34520
1 64486U 25133Q   25185.58335648 -.01244421  00000+0 -78615-2 0  9993
2 64486  53.1549 200.7556 0000938  69.0777 172.1197 15.78736989  3046
STARLINK-34477
1 64487U 25133R   25185.58335648 -.01259842  00000+0 -79849-2 0  9997
2 64487  53.1550 200.7511 0001055  71.9766 171.4890 15.78700448  3044
STARLINK-34217
1 64488U 25133S   25185.58335648 -.01270821  00000+0 -80780-2 0  9994
2 64488  53.1549 200.7463 0001100  71.7142 174.0029 15.78661885  2937
STARLINK-34307
1 64489U 25133T   25185.58335648 -.01277842  00000+0 -81408-2 0  9993
2 64489  53.1548 200.7415 0000963  66.1676 181.7247 15.78630963  3021
STARLINK-34505
1 64490U 25133U   25185.58335648 -.01285904  00000+0 -82141-2 0  9998
2 64490  53.1548 200.7368 0000785  64.4465 185.6610 15.78593332  3024
STARLINK-34530
1 64491U 25133V   25185.58335648 -.01319058  00000+0 -82965-2 0  9991
2 64491  53.1551 200.7321 0000972  66.6752 185.6918 15.78548929  3022
STARLINK-34522
1 64492U 25133W   25185.58335648 -.01330091  00000+0 -83925-2 0  9999
2 64492  53.1551 200.7273 0000985  68.2219 186.4317 15.78500417  3043
STARLINK-34462
1 64493U 25133X   25185.58335648 -.01336762  00000+0 -84608-2 0  9990
2 64493  53.1549 200.7226 0000899  66.7095 190.2308 15.78446000  3048
STARLINK-34226
1 64494U 25133Y   25185.58335648 -.01341977  00000+0 -85038-2 0  9993
2 64494  53.1547 200.7184 0000801  66.3753 192.6159 15.78431218  2886
STARLINK-34364
1 64495U 25133Z   25185.58335648 -.01363222  00000+0 -86955-2 0  9990
2 64495  53.1551 200.7088 0000917  68.9479 194.5963 15.78326731  3042
STARLINK-34268
1 64496U 25133AA  25185.58335648 -.01352447  00000+0 -85978-2 0  9992
2 64496  53.1552 200.7136 0000889  66.7904 194.4763 15.78379967  3041
STARLINK-34363
1 64497U 25133AB  25185.58335648 -.01375493  00000+0 -88069-2 0  9993
2 64497  53.1550 200.7040 0000952  64.2772 201.5721 15.78267483  3044
STARLINK-34427
1 64498U 25133AC  25185.58335648 -.01386554  00000+0 -89124-2 0  9997
2 64498  53.1549 200.6993 0000923  66.2288 201.9373 15.78203658  3042
KUIPER-00039
1 64500U 25134A   25185.52273099  .00026504  00000+0  78612-3 0  9991
2 64500  51.8694 277.6623 0008305 152.1921 207.9510 15.34610672  2944
KUIPER-00040
1 64501U 25134B   25185.52928961  .00018809  00000+0  57722-3 0  9995
2 64501  51.8669 277.7033 0011405 164.9395 195.1931 15.33719532  2943
KUIPER-00041
1 64502U 25134C   25185.52650983  .00022571  00000+0  68104-3 0  9999
2 64502  51.8696 277.6868 0010254 161.0332 199.1037 15.34146660  2947
KUIPER-00042
1 64503U 25134D   25185.52514611  .00017356  00000+0  52378-3 0  9998
2 64503  51.8668 277.6764 0009629 155.3490 204.7957 15.34327003  2943
KUIPER-00043
1 64504U 25134E   25185.52328890  .00018506  00000+0  55314-3 0  9992
2 64504  51.8706 277.6656 0009022 148.5793 211.5733 15.34589513  2948
KUIPER-00044
1 64505U 25134F   25185.52799345  .00018056  00000+0  55188-3 0  9999
2 64505  51.8653 277.6940 0011516 157.9734 202.1748 15.33876006  2943
KUIPER-00046
1 64506U 25134G   25185.52579942  .00018525  00000+0  55965-3 0  9993
2 64506  51.8680 277.6808 0010295 153.4407 206.7108 15.34238705  2947
KUIPER-00047
1 64507U 25134H   25185.52782971  .00012387  00000+0  38160-3 0  9990
2 64507  51.8639 277.6926 0010873 162.8902 197.2452 15.33956557  2946
KUIPER-00048
1 64508U 25134J   25185.57923909  .00011251  00000+0  32809-3 0  9997
2 64508  51.8781 277.2897 0003469 135.6807 224.4457 15.35837194  2959
KUIPER-00049
1 64509U 25134K   25185.58586047  .00011933  00000+0  35734-3 0  9994
2 64509  51.8727 277.3363 0007437 147.5302 212.6142 15.34921652  2952
KUIPER-00050
1 64510U 25134L   25185.52162349  .00017997  00000+0  53531-3 0  9996
2 64510  51.8738 277.6548 0008024 148.2983 211.8487 15.34771108  2941
KUIPER-00051
1 64511U 25134M   25185.58323388  .00012040  00000+0  35642-3 0  9992
2 64511  51.8748 277.3190 0005927 141.0522 219.0891 15.35284256  2956
KUIPER-00052
1 64512U 25134N   25185.58191199  .00011224  00000+0  33155-3 0  9996
2 64512  51.8773 277.3087 0004798 143.0968 217.0349 15.35431940  2951
KUIPER-00053
1 64513U 25134P   25185.57672823  .00011427  00000+0  32981-3 0  9995
2 64513  51.8787 277.2709 0002811 121.3198 238.8064 15.36146164  2952
KUIPER-00054
1 64514U 25134Q   25185.57861962  .00011378  00000+0  33075-3 0  9990
2 64514  51.8775 277.2868 0003364 123.8740 236.2566 15.35924257  2955
KUIPER-00055
1 64515U 25134R   25185.63827011 -.00013756  00000+0 -36965-3 0  9990
2 64515  51.8786 276.9353 0001028  75.1175 284.9926 15.36553960  2814
KUIPER-00056
1 64516U 25134S   25185.58015626  .00012713  00000+0  37068-3 0  9991
2 64516  51.8755 277.2991 0004011 138.8639 221.2650 15.35713608  2959
KUIPER-00057
1 64517U 25134T   25185.58508264  .00021134  00000+0  62302-3 0  9993
2 64517  51.8718 277.3316 0006918 145.9567 214.1863 15.34949968  2954
KUIPER-00058
1 64518U 25134U   25185.58256699  .00024129  00000+0  69991-3 0  9994
2 64518  51.8740 277.3156 0005317 145.1119 215.0216 15.35384982  2951
KUIPER-00059
1 64519U 25134V   25185.57466538  .00011617  00000+0  33193-3 0  9992
2 64519  51.8787 277.2545 0001612  90.3882 269.7289 15.36445654  2957
KUIPER-00060
1 64520U 25134W   25185.57606362  .00021321  00000+0  60334-3 0  9995
2 64520  51.8784 277.2677 0002708 107.1217 253.0066 15.36245464  2943
KUIPER-00061
1 64521U 25134X   25185.58368506  .00012282  00000+0  36435-3 0  9993
2 64521  51.8757 277.3214 0006003 141.8106 218.3306 15.35197752  2942
KUIPER-00062
1 64522U 25134Y   25185.58082584  .00012096  00000+0  35492-3 0  9998
2 64522  51.8764 277.3025 0004929 137.5395 222.5973 15.35561865  2956
KUIPER-00063
1 64523U 25134Z   25185.57774346  .00011695  00000+0  33863-3 0  9996
2 64523  51.8768 277.2824 0002982 119.3973 240.7311 15.36020548  2951
KUIPER-00064
1 64524U 25134AA  25185.57381657  .00011396  00000+0  32475-3 0  9992
2 64524  51.8786 277.2510 0001750  81.4269 278.6916 15.36550920  2956
KUIPER-00065
1 64525U 25134AB  25185.52393362  .00018050  00000+0  54139-3 0  9999
2 64525  51.8718 277.6698 0009013 153.0534 207.0921 15.34497906  2936
KUIPER-00066
1 64526U 25134AC  25185.64052039  .00017788  00000+0  50377-3 0  9993
2 64526  51.8779 276.9517 0001859 100.7531 259.3665 15.36345877  2501
2025-131D
1 64527U 25131D   25185.71622817 -.00000335  00000+0  00000+0 0  9991
2 64527   1.0449 280.5727 3677039 174.0609 190.9894  1.00269535   143
AXIOM-4 (AX-4)
1 64593U 25136A   25185.47485775  .00005492  00000+0  10282-3 0  9997
2 64593  51.6344 221.3901 0002450 331.8120  28.2736 15.50368910  1286
STARLINK-34280
1 64594U 25137A   25185.66668981 -.00745008  00000+0 -26956-2 0  9992
2 64594  53.1567  64.8289 0000507 103.8203 329.1578 15.89536764  2510
STARLINK-34517
1 64595U 25137B   25185.66668981 -.00746803  00000+0 -26975-2 0  9998
2 64595  53.1564  64.8255 0000651 120.3554 314.2165 15.89573128  2516
STARLINK-34510
1 64596U 25137C   25185.66668981 -.00758134  00000+0 -27333-2 0  9998
2 64596  53.1565  64.8197 0000553 105.8705 331.5644 15.89635683  2519
STARLINK-34486
1 64597U 25137D   25185.66668981 -.00765413  00000+0 -27536-2 0  9992
2 64597  53.1565  64.8139 0000665 119.9527 320.1757 15.89693252  2513
STARLINK-34463
1 64598U 25137E   25185.66668981 -.00769027  00000+0 -27595-2 0  9993
2 64598  53.1564  64.8075 0000675  98.3147 344.7892 15.89751479  2519
STARLINK-34294
1 64599U 25137F   25185.58335648 -.00749581  00000+0 -26598-2 0  9991
2 64599  53.1563  65.2256 0000969  87.0485 241.2700 15.89925099  2511
STARLINK-34504
1 64600U 25137G   25185.58335648 -.00755597  00000+0 -26755-2 0  9993
2 64600  53.1563  65.2203 0000942  89.9856 240.8437 15.89979724  2516
STARLINK-34508
1 64601U 25137H   25185.66668981 -.00788586  00000+0 -28127-2 0  9991
2 64601  53.1563  64.7922 0000580 117.3251 333.3282 15.89913152  2511
STARLINK-34435
1 64602U 25137J   25185.66668981 -.00795273  00000+0 -28294-2 0  9998
2 64602  53.1564  64.7861 0000951  94.1989 359.3445 15.89974298  2514
STARLINK-34475
1 64603U 25137K   25185.66668981 -.00796647  00000+0 -28274-2 0  9993
2 64603  53.1563  64.7806 0001003 101.4292 354.6937 15.90024394  2510
STARLINK-34488
1 64604U 25137L   25185.66668981 -.00805460  00000+0 -28540-2 0  9994
2 64604  53.1563  64.7754 0000636 126.5435 332.0289 15.90078666  2512
STARLINK-34516
1 64605U 25137M   25185.66668981 -.00811450  00000+0 -28683-2 0  9999
2 64605  53.1563  64.7689 0000737 119.1768 342.3812 15.90138101  2617
STARLINK-34073
1 64606U 25137N   25185.66668981 -.00819931  00000+0 -28915-2 0  9990
2 64606  53.1562  64.7632 0001025 101.3598   3.0437 15.90200000  2409
STARLINK-34532
1 64607U 25137P   25185.66668981 -.00824261  00000+0 -29011-2 0  9991
2 64607  53.1562  64.7584 0000958  88.9736  17.6918 15.90248092  2514
STARLINK-34519
1 64608U 25137Q   25185.66668981 -.00831330  00000+0 -29202-2 0  9999
2 64608  53.1563  64.7530 0000880  96.5710  12.6144 15.90302767  2514
STARLINK-34513
1 64609U 25137R   25185.66668981 -.00834221  00000+0 -29238-2 0  9991
2 64609  53.1562  64.7477 0000721 122.8323 348.9844 15.90353943  2616
STARLINK-34569
1 64610U 25137S   25185.66668981 -.00842773  00000+0 -29483-2 0  9996
2 64610  53.1561  64.7425 0000756 122.6105 351.6042 15.90408504  2518
STARLINK-34494
1 64611U 25137T   25185.66668981 -.00848644  00000+0 -29621-2 0  9994
2 64611  53.1561  64.7360 0000624 106.6322  10.5077 15.90466584  2515
STARLINK-34521
1 64612U 25137U   25185.66668981 -.00854546  00000+0 -29762-2 0  9999
2 64612  53.1562  64.7312 0000922  87.8709  31.7143 15.90519402  2511
STARLINK-34500
1 64613U 25137V   25185.66668981 -.00863943  00000+0 -30030-2 0  9991
2 64613  53.1561  64.7254 0000942 108.8922  13.5255 15.90578089  2618
STARLINK-34440
1 64614U 25137W   25185.66668981 -.00881783  00000+0 -30620-2 0  9999
2 64614  53.1562  64.7197 0000612  99.5939  25.6036 15.90639217  2515
STARLINK-34469
1 64615U 25137X   25185.66668981 -.00896895  00000+0 -31112-2 0  9997
2 64615  53.1561  64.7148 0000569 109.1557  18.2768 15.90693256  2519
STARLINK-34413
1 64616U 25137Y   25185.66668981 -.01007672  30657-3 -31602-2 0  9995
2 64616  53.1561  64.7091 0000713 110.8645  19.3755 15.90751230  2611
STARLINK-34417
1 64617U 25137Z   25185.58335648 -.00989752  29735-3 -30715-2 0  9994
2 64617  53.1559  65.1272 0000579 120.0125 255.4534 15.90953377  2615
STARLINK-34415
1 64618U 25137AA  25185.66668981 -.01046243  32853-3 -32630-2 0  9996
2 64618  53.1561  64.6974 0000627 125.4190  10.4419 15.90866934  2519
STARLINK-34416
1 64619U 25137AB  25185.66668981 -.01050736  33123-3 -32695-2 0  9991
2 64619  53.1561  64.6921 0000676 115.6115  22.9461 15.90912467  2512
STARLINK-34414
1 64620U 25137AC  25185.66668981 -.01062755  33831-3 -32980-2 0  9990
2 64620  53.1561  64.6859 0000653 116.7277  24.7645 15.90967255  2519
HAWK-12C
1 64621U 25138A   25185.55350233  .00003006  00000+0  16708-3 0  9998
2 64621  97.4358 189.9974 0012984 271.9310  88.0435 15.14381715  1185
HAWK-12B
1 64622U 25138B   25184.56134975  .00002153  00000+0  12014-3 0  9990
2 64622  97.4344 189.0276 0012605 272.7523  87.2265 15.14555051  1034
HAWK-12A
1 64623U 25138C   25185.55116552  .00002979  00000+0  16392-3 0  9991
2 64623  97.4355 190.0001 0013497 265.3010  94.6681 15.14747237  1183
KESTREL-0A
1 64624U 25138D   25185.54870213  .00001563  00000+0  86425-4 0  9995
2 64624  97.4359 190.0040 0014489 256.7534 103.2083 15.15272520  1179
ELECTRON R/B
1 64626U 25138F   25181.60997256  .03297959  24869-5  12609-2 0  9992
2 64626  97.4237 186.5515 0179629  21.1293 339.7765 15.96552279   608
STARLINK-34464
1 64664U 25139A   25185.66668981 -.01226375  43997-3 -37581-2 0  9996
2 64664  53.1564 206.9658 0000691  56.5423 192.9722 15.91241931  2199
STARLINK-34555
1 64665U 25139B   25185.66668981 -.01244446  45212-3 -38011-2 0  9997
2 64665  53.1563 206.9631 0000695  67.3662 183.3945 15.91308254  2091
STARLINK-34390
1 64666U 25139C   25185.66668981 -.01242527  45114-3 -37824-2 0  9998
2 64666  53.1563 206.9598 0000706  65.7053 186.6162 15.91373690  2254
STARLINK-34382
1 64667U 25139D   25185.66668981 -.01255145  45985-3 -38063-2 0  9991
2 64667  53.1562 206.9566 0000783  58.6583 195.1883 15.91449598  2192
STARLINK-34395
1 64668U 25139E   25185.66668981 -.01252168  45820-3 -37822-2 0  9994
2 64668  53.1562 206.9526 0000600  60.7529 194.9148 15.91526397  2195
STARLINK-34394
1 64669U 25139F   25185.66668981 -.01259750  46355-3 -37929-2 0  9991
2 64669  53.1563 206.9500 0000587  72.4655 184.5338 15.91589930  2191
STARLINK-34287
1 64670U 25139G   25185.66668981 -.01275464  47453-3 -38233-2 0  9992
2 64670  53.1563 206.9462 0000752  67.6210 191.2319 15.91677871  2193
STARLINK-34365
1 64671U 25139H   25185.66668981 -.01281000  47857-3 -38281-2 0  9997
2 64671  53.1562 206.9436 0000830  63.8215 196.3056 15.91738199  2256
STARLINK-34442
1 64672U 25139J   25185.66668981 -.01282075  47963-3 -38170-2 0  9996
2 64672  53.1563 206.9400 0000665  66.8967 194.9042 15.91810913  2199
STARLINK-34288
1 64673U 25139K   25185.66668981 -.01283620  48103-3 -38069-2 0  9998
2 64673  53.1564 206.9366 0000714  63.3181 200.1739 15.91885514  2199
STARLINK-34539
1 64674U 25139L   25185.66668981 -.01296201  49002-3 -38292-2 0  9995
2 64674  53.1562 206.9330 0000683  63.6813 201.3830 15.91963190  2090
STARLINK-34590
1 64675U 25139M   25185.66668981 -.01302567  49474-3 -38348-2 0  9994
2 64675  53.1562 206.9301 0000572  72.0183 194.4737 15.92030662  2199
STARLINK-34573
1 64676U 25139N   25185.66668981 -.01319148  50662-3 -38699-2 0  9998
2 64676  53.1562 206.9272 0000765  67.0335 200.8597 15.92101411  2191
STARLINK-34605
1 64677U 25139P   25185.66668981 -.01330337  51491-3 -38857-2 0  9999
2 64677  53.1563 206.9233 0000743  66.9854 202.7182 15.92187466  2195
STARLINK-34525
1 64678U 25139Q   25185.66668981 -.01335268  51875-3 -38859-2 0  9996
2 64678  53.1563 206.9200 0000716  66.4569 204.8061 15.92258474  2195
STARLINK-34489
1 64679U 25139R   25185.66668981 -.01341486  52353-3 -38897-2 0  9990
2 64679  53.1564 206.9168 0000684  63.1978 209.6017 15.92330047  2193
STARLINK-34502
1 64680U 25139S   25185.66668981 -.01342480  52459-3 -38785-2 0  9990
2 64680  53.1564 206.9136 0000703  63.8166 210.5563 15.92399734  2193
STARLINK-34553
1 64681U 25139T   25185.66668981 -.01353345  53275-3 -38946-2 0  9999
2 64681  53.1564 206.9100 0000654  66.3949 209.6124 15.92476780  2196
STARLINK-34551
1 64682U 25139U   25185.66668981 -.01356113  53510-3 -38887-2 0  9992
2 64682  53.1564 206.9070 0000704  59.7761 217.7189 15.92545380  2191
STARLINK-34550
1 64683U 25139V   25185.66668981 -.01364299  54141-3 -38967-2 0  9997
2 64683  53.1565 206.9035 0000622  65.1437 214.0068 15.92622743  2199
STARLINK-34485
1 64684U 25139W   25185.66668981 -.01369859  54589-3 -38957-2 0  9990
2 64684  53.1563 206.8993 0000563  62.2832 218.7430 15.92706429  2199
STARLINK-34253
1 64685U 25139X   25185.66668981 -.01389317  56050-3 -39376-2 0  9993
2 64685  53.1564 206.8969 0000638  61.8390 220.4214 15.92774734  2195
STARLINK-34565
1 64686U 25139Y   25185.66668981 -.01380840  55459-3 -39014-2 0  9997
2 64686  53.1562 206.8938 0000566  56.6190 227.0853 15.92832872  2190
STARLINK-34554
1 64687U 25139Z   25185.66668981 -.01390025  56178-3 -39113-2 0  9993
2 64687  53.1564 206.8905 0000550  61.3996 224.0102 15.92912584  2190
STARLINK-34262
1 64688U 25139AA  25185.66668981 -.01427590  59112-3 -39708-2 0  9993
2 64688  53.1563 206.8810 0000624  62.8102 227.2093 15.93139120  2251
STARLINK-34538
1 64689U 25139AB  25185.66668981 -.01417546  58314-3 -39571-2 0  9995
2 64689  53.1564 206.8838 0000755  64.8724 223.7512 15.93068698  2191
STARLINK-34250
1 64690U 25139AC  25185.66668981 -.01406991  57484-3 -39418-2 0  9996
2 64690  53.1562 206.8870 0000586  62.8718 224.2479 15.92998571  2199
2025-140A
1 64691U 25140A   25185.58131205  .00000820  00000+0  13626-3 0  9994
2 64691  95.9838  32.3777 0011560 289.2172  70.7789 14.71644051   925
ELECTRON KICK STAGE R/B
1 64692U 25140B   25185.57967720  .00000974  00000+0  15963-3 0  9999
2 64692  95.9842  32.3797 0012578 281.8699  78.1102 14.72029883   927
ELECTRON R/B
1 64693U 25140C   25184.60816260  .01688620  13940-5  13045-2 0  9997
2 64693  95.9858  32.2057 0291021 205.3013 222.0369 15.65207463   825
GOSAT-GW (IBUKI GW)
1 64694U 25141A   25185.59745447  .00000720  00000+0  13419-3 0  9997
2 64694  98.0588 124.2228 0001016  21.2768 338.8479 14.67920742   862
H-2A R/B
1 64695U 25141B   25185.38170263  .00000681  00000+0  73888-4 0  9996
2 64695  98.0468 124.1456 0093492 246.8619 112.2725 14.88679318   840
STARLINK-34497
1 64696U 25142A   25185.58335648 -.01164723  39363-3 -38439-2 0  9990
2 64696  69.9959 234.2452 0003900 279.0562  75.3853 15.90237228  2131
STARLINK-34584
1 64697U 25142B   25185.66668981 -.01242829  44336-3 -41225-2 0  9996
2 64697  69.9955 234.0017 0003737 279.3293 193.6948 15.90149715  1989
STARLINK-34535
1 64698U 25142C   25185.66668981 -.01241857  44306-3 -41035-2 0  9993
2 64698  69.9953 233.9992 0003521 281.2755 193.6658 15.90226928  1939
STARLINK-34600
1 64699U 25142D   25185.66668981 -.01250415  44901-3 -41177-2 0  9992
2 64699  69.9954 233.9976 0003501 281.7940 194.6734 15.90295840  1982
STARLINK-34560
1 64700U 25142E   25185.66668981 -.01264482  45878-3 -41454-2 0  9996
2 64700  69.9952 233.9951 0003506 281.0187 197.4889 15.90386483  1938
STARLINK-34576
1 64701U 25142F   25185.66668981 -.01273622  46527-3 -41593-2 0  9999
2 64701  69.9950 233.9928 0003511 281.4943 198.7710 15.90463921  1931
STARLINK-34322
1 64702U 25142G   25185.66668981 -.01287622  47517-3 -41861-2 0  9993
2 64702  69.9952 233.9905 0003522 281.4004 200.9111 15.90554898  2148
STARLINK-34470
1 64703U 25142H   25185.66668981 -.01292516  47886-3 -41862-2 0  9992
2 64703  69.9952 233.9884 0003547 281.6772 202.4248 15.90629759  1939
STARLINK-34405
1 64704U 25142J   25185.66668981 -.01312431  49296-3 -42333-2 0  9993
2 64704  69.9953 233.9864 0003755 278.8508 206.9979 15.90712141  1988
STARLINK-34406
1 64705U 25142K   25185.66668981 -.01321182  49945-3 -42439-2 0  9995
2 64705  69.9949 233.9839 0003517 280.7784 206.9866 15.90796532  2094
STARLINK-34559
1 64706U 25142L   25185.66668981 -.01338444  51196-3 -42819-2 0  9998
2 64706  69.9950 233.9818 0003812 279.8193 209.6849 15.90877083  1984
STARLINK-34316
1 64707U 25142M   25185.58335648 -.01282595  47448-3 -40460-2 0  9991
2 64707  69.9950 234.2211 0003922 278.4528  95.8325 15.91143499  2135
STARLINK-34563
1 64708U 25142N   25185.66668981 -.01346340  51829-3 -42758-2 0  9999
2 64708  69.9949 233.9776 0003558 281.8087 211.1662 15.91023403  1823
STARLINK-34499
1 64709U 25142P   25185.66668981 -.01360503  52885-3 -43019-2 0  9991
2 64709  69.9949 233.9753 0003493 281.0556 213.9148 15.91111787  1822
STARLINK-34447
1 64710U 25142Q   25185.58335648 -.01306678  49216-3 -40745-2 0  9995
2 64710  69.9947 234.2150 0003874 278.3575 101.1007 15.91373998  2131
STARLINK-34312
1 64711U 25142R   25185.66668981 -.01376255  54102-3 -43183-2 0  9991
2 64711  69.9943 233.9709 0003447 279.5687 218.9953 15.91265286  2145
STARLINK-34515
1 64712U 25142S   25185.66668981 -.01393314  55393-3 -43530-2 0  9996
2 64712  69.9942 233.9684 0003417 280.0472 220.4005 15.91352396  1822
STARLINK-34583
1 64713U 25142T   25185.66668981 -.01401965  56072-3 -43632-2 0  9997
2 64713  69.9943 233.9664 0003509 281.8923 220.2915 15.91428300  1821
STARLINK-34574
1 64714U 25142U   25185.66668981 -.01415246  57101-3 -43869-2 0  9991
2 64714  69.9942 233.9643 0003530 280.9001 223.0700 15.91508431  1983
STARLINK-34533
1 64715U 25142V   25185.66668981 -.01425815  57938-3 -44012-2 0  9994
2 64715  69.9941 233.9620 0003522 280.2967 225.6153 15.91591668  1910
STARLINK-34548
1 64716U 25142W   25185.58335648 -.01370401  53995-3 -41691-2 0  9996
2 64716  69.9944 234.2020 0004021 280.1737 109.9914 15.91862895  1924
STARLINK-34568
1 64717U 25142X   25185.66668981 -.01445683  59529-3 -44276-2 0  9991
2 64717  69.9944 233.9581 0003499 280.6355 228.8580 15.91747784  1987
STARLINK-34546
1 64718U 25142Y   25185.66668981 -.01468296  61315-3 -44762-2 0  9993
2 64718  69.9945 233.9556 0003770 278.1022 233.3621 15.91838849  2145
STARLINK-34577
1 64719U 25142Z   25185.66668981 -.01493819  63402-3 -45162-2 0  9997
2 64719  69.9942 233.9511 0003787 279.8079 235.4116 15.92004367  1986
STARLINK-34572
1 64720U 25142AA  25185.66668981 -.01475655  61933-3 -44810-2 0  9993
2 64720  69.9943 233.9535 0003342 278.8412 234.4671 15.91919025  2141
STARLINK-34558
1 64721U 25142AB  25185.66668981 -.01494826  63528-3 -45025-2 0  9996
2 64721  69.9941 233.9490 0003477 280.2903 236.7190 15.92078578  1938
MTG-S1
1 64723U 25143A   25184.23806981  .00001701  00000+0  50124-2 0  9996
2 64723  21.2371  68.4089 8286925 179.3232 183.8483  1.12562620    35
PROGRESS-MS 31
1 64751U 25146A   25185.00519802 -.00000666  00000+0  00000+0 0  9994
2 64751  51.6368 224.0969 0001333 195.6618 243.8119 15.77709686    06
SL-4 R/B
1 64752U 25146B   25185.23674294  .03156073  12117-4  73789-3 0  9998
2 64752  51.6542 222.8611 0021083  71.6286 291.0291 16.28276871    74
